[13:57:59] [RECV] rbr 26.0.0 4 15 36.99 3 137.1 144.1 151.1 -1.0 -1.0 2035.15 -1.0 2133.1 1087.1 -1.0 2001.Solarus 0 0 La bataille des démonsLes Kenkos attaquent ! Lord Cuarry est fou de rage et envoie tous ses chevaliers les combattre. Qui sortira vainqueur ?

[13:58:02] [RECV] at 148962 5203 7 10 2 0 50 2 -1

[13:58:02] [RECV] rsfn 0 8 0

[13:58:02] [RECV] rsfn 1 8 1

[13:58:02] [RECV] rsfn 1 9 1

[13:58:02] [RECV] rsfn 2 9 1

[13:58:02] [RECV] rsfn 3 9 1

[13:58:02] [RECV] rsfn 3 10 1

[13:58:02] [RECV] rsfn 4 10 1

[13:58:02] [RECV] evnt 1 -1 2300 2300

[13:58:02] [RECV] rsfm 26 0 5 11

[13:58:02] [RECV] evnt 1 -1 2300 2300

[13:58:02] [RECV] minfo 0 1 -1.0/0 -1.0/0 -1/0 -1.0/0 0 2 0

[13:58:02] [RECV] msg 0 La mission commence dès que tu entres dans la première pièce.

[13:58:02] [RECV] gp 23 12 20006 0 1 0

[13:58:03] [SEND] walk 12 10 1 14
[13:58:04] [SEND] walk 16 11 0 14
[13:58:04] [SEND] walk 20 10 0 14
[13:58:05] [SEND] walk 22 12 1 14
[13:58:06] [SEND] preq
[13:58:07] [RECV] rsfn 0 8 0

[13:58:07] [RECV] at 148962 5201 1 27 2 0 50 2 -1

[13:58:07] [RECV] npc_req 1 148962 6125

[13:58:07] [RECV] evnt 1 0 2300 2300

[13:58:08] [RECV] gp 25 48 20007 1 2 0

[13:58:08] [RECV] gp 1 27 20005 1 3 0

[13:58:08] [RECV] in 2 311 43462 25 34 1 100 100 0 0 0 -1 1 0 -1 - 2 -1 0 0 0 0 0 0 0 0

[13:58:08] [RECV] in 2 311 43461 22 45 7 100 100 0 0 0 -1 1 0 -1 - 2 -1 0 0 0 0 0 0 0 0

[13:58:08] [RECV] in 2 311 43460 22 42 5 100 100 0 0 0 -1 1 0 -1 - 2 -1 0 0 0 0 0 0 0 0

[13:58:08] [RECV] in 2 311 43459 22 39 5 100 100 0 0 0 -1 1 0 -1 - 2 -1 0 0 0 0 0 0 0 0

[13:58:08] [RECV] in 2 311 43458 22 36 7 100 100 0 0 0 -1 1 0 -1 - 2 -1 0 0 0 0 0 0 0 0

[13:58:08] [RECV] in 2 311 43457 22 33 2 100 100 0 0 0 -1 1 0 -1 - 2 -1 0 0 0 0 0 0 0 0

[13:58:08] [RECV] in 2 311 43456 22 29 6 100 100 0 0 0 -1 1 0 -1 - 2 -1 0 0 0 0 0 0 0 0

[13:58:08] [RECV] in 2 311 43455 22 26 7 100 100 0 0 0 -1 1 0 -1 - 2 -1 0 0 0 0 0 0 0 0

[13:58:08] [RECV] in 2 311 43454 20 45 4 100 100 0 0 0 -1 1 0 -1 - 2 -1 0 0 0 0 0 0 0 0

[13:58:08] [RECV] in 2 311 43453 20 42 7 100 100 0 0 0 -1 1 0 -1 - 2 -1 0 0 0 0 0 0 0 0

[13:58:08] [RECV] in 2 311 43452 20 39 6 100 100 0 0 0 -1 1 0 -1 - 2 -1 0 0 0 0 0 0 0 0

[13:58:08] [RECV] in 2 311 43451 20 36 6 100 100 0 0 0 -1 1 0 -1 - 2 -1 0 0 0 0 0 0 0 0

[13:58:08] [RECV] in 2 311 43450 20 33 5 100 100 0 0 0 -1 1 0 -1 - 2 -1 0 0 0 0 0 0 0 0

[13:58:08] [RECV] in 2 311 43449 20 29 0 100 100 0 0 0 -1 1 0 -1 - 2 -1 0 0 0 0 0 0 0 0

[13:58:08] [RECV] in 2 311 43448 20 26 1 100 100 0 0 0 -1 1 0 -1 - 2 -1 0 0 0 0 0 0 0 0

[13:58:08] [RECV] in 9 1042 53983 19 26 1 0 0 0

[13:58:08] [RECV] in 9 1001 53982 32 31 1 0 0 0

[13:58:08] [RECV] in 9 1001 53981 27 45 1 0 0 0

[13:58:09] [RECV] evnt 1 0 2300 2300

[13:58:10] [SEND] walk 6 27 0 14
[13:58:10] [RECV] gp 25 48 20007 1 2 0

[13:58:10] [RECV] gp 1 27 20005 1 3 0

[13:58:10] [RECV] in 3 151 43466 31 42 2 100 100 0 0 0 -1 1 0 -1 - 2 -1 0 0 0 0 0 0 0 0

[13:58:10] [RECV] in 3 145 43465 31 26 0 100 100 0 0 0 -1 1 0 -1 - 2 -1 0 0 0 0 0 0 0 0

[13:58:10] [RECV] in 3 151 43464 24 46 5 100 100 0 0 0 -1 1 0 -1 - 2 -1 0 0 0 0 0 0 0 0

[13:58:10] [RECV] in 3 145 43463 24 19 3 100 100 0 0 0 -1 1 0 -1 - 2 -1 0 0 0 0 0 0 0 0

[13:58:10] [RECV] in 2 311 43462 25 34 1 100 100 0 0 0 -1 1 0 -1 - 2 -1 0 0 0 0 0 0 0 0

[13:58:10] [RECV] in 2 311 43461 22 45 7 100 100 0 0 0 -1 1 0 -1 - 2 -1 0 0 0 0 0 0 0 0

[13:58:10] [RECV] in 2 311 43460 22 42 5 100 100 0 0 0 -1 1 0 -1 - 2 -1 0 0 0 0 0 0 0 0

[13:58:10] [RECV] in 2 311 43459 22 39 5 100 100 0 0 0 -1 1 0 -1 - 2 -1 0 0 0 0 0 0 0 0

[13:58:10] [RECV] in 2 311 43458 22 36 7 100 100 0 0 0 -1 1 0 -1 - 2 -1 0 0 0 0 0 0 0 0

[13:58:10] [RECV] in 2 311 43457 22 33 2 100 100 0 0 0 -1 1 0 -1 - 2 -1 0 0 0 0 0 0 0 0

[13:58:10] [RECV] in 2 311 43456 22 29 6 100 100 0 0 0 -1 1 0 -1 - 2 -1 0 0 0 0 0 0 0 0

[13:58:10] [RECV] in 2 311 43455 22 26 7 100 100 0 0 0 -1 1 0 -1 - 2 -1 0 0 0 0 0 0 0 0

[13:58:10] [RECV] in 2 311 43454 20 45 4 100 100 0 0 0 -1 1 0 -1 - 2 -1 0 0 0 0 0 0 0 0

[13:58:10] [RECV] in 2 311 43453 20 42 7 100 100 0 0 0 -1 1 0 -1 - 2 -1 0 0 0 0 0 0 0 0

[13:58:10] [RECV] in 2 311 43452 20 39 6 100 100 0 0 0 -1 1 0 -1 - 2 -1 0 0 0 0 0 0 0 0

[13:58:10] [RECV] in 2 311 43451 20 36 6 100 100 0 0 0 -1 1 0 -1 - 2 -1 0 0 0 0 0 0 0 0

[13:58:10] [RECV] in 2 311 43450 20 33 5 100 100 0 0 0 -1 1 0 -1 - 2 -1 0 0 0 0 0 0 0 0

[13:58:10] [RECV] in 2 311 43449 20 29 0 100 100 0 0 0 -1 1 0 -1 - 2 -1 0 0 0 0 0 0 0 0

[13:58:10] [RECV] in 2 311 43448 20 26 1 100 100 0 0 0 -1 1 0 -1 - 2 -1 0 0 0 0 0 0 0 0

[13:58:10] [RECV] in 9 1042 53983 19 26 1 0 0 0

[13:58:10] [RECV] in 9 1001 53982 32 31 1 0 0 0

[13:58:10] [RECV] in 9 1001 53981 27 45 1 0 0 0

[13:58:10] [RECV] eff 3 43465 826

[13:58:10] [RECV] rsfm 26 2 0 0

[13:58:10] [RECV] evnt 1 0 2290 2300

[13:58:11] [SEND] walk 10 27 1 14
[13:58:11] [SEND] walk 15 26 0 14
[13:58:11] [RECV] su 3 43464 2 43461 0 8 11 1009 0 0 1 92 333 0 0

[13:58:12] [RECV] su 2 43461 3 43464 0 12 11 200 0 0 1 100 0 1 0

[13:58:12] [SEND] walk 16 25 0 14
[13:58:12] [SEND] walk 17 25 0 14
[13:58:13] [RECV] su 1 148962 3 43463 855 8 11 4001 0 0 0 0 10609 0 0

[13:58:13] [RECV] in 3 148 43493 30 36 7 100 100 0 0 0 -1 0 0 -1 - 2 -1 0 0 0 0 0 0 0 0

[13:58:13] [RECV] su 3 43464 2 43461 0 8 11 1009 0 0 1 86 335 0 0

[13:58:13] [RECV] su 2 43460 3 43464 0 12 11 200 0 0 1 96 86 0 0

[13:58:14] [SEND] walk 22 25 0 14
[13:58:14] [SEND] walk 18 25 1 14
[13:58:14] [RECV] su 2 43456 3 43465 0 12 11 200 0 0 1 97 67 0 0

[13:58:14] [RECV] eff 3 43465 826

[13:58:14] [RECV] su 1 148962 3 43465 855 8 11 4001 0 0 0 0 10479 0 0

[13:58:15] [SEND] walk 20 29 1 14
[13:58:15] [RECV] eff 3 43493 826

[13:58:15] [RECV] su 2 43461 3 43464 0 12 11 200 0 0 1 94 62 0 0

[13:58:16] [SEND] walk 20 28 0 14
[13:58:16] [RECV] su 3 43464 2 43461 413 100 12 1025 0 0 1 73 672 0 0

[13:58:16] [RECV] su 1 148962 3 43493 855 8 11 4001 0 0 0 0 10577 0 0

[13:58:16] [RECV] in 3 145 43494 28 22 3 100 100 0 0 0 -1 0 0 -1 - 2 -1 0 0 0 0 0 0 0 0

[13:58:16] [RECV] in 3 151 43495 28 46 2 100 100 0 0 0 -1 0 0 -1 - 2 -1 0 0 0 0 0 0 0 0

[13:58:16] [RECV] in 3 148 43496 30 31 1 100 100 0 0 0 -1 0 0 -1 - 2 -1 0 0 0 0 0 0 0 0

[13:58:16] [RECV] su 2 43460 3 43464 0 12 11 200 0 0 1 94 0 1 0

[13:58:17] [RECV] su 3 43466 2 43454 0 8 11 1009 0 0 1 92 336 0 0

[13:58:17] [SEND] walk 20 33 0 14
[13:58:17] [RECV] eff 3 43496 826

[13:58:17] [RECV] su 2 43454 3 43466 0 12 11 200 0 0 1 100 0 1 0

[13:58:17] [SEND] walk 20 31 0 14
[13:58:17] [RECV] su 3 43496 2 43462 0 12 11 1031 0 0 1 100 0 4 0

[13:58:17] [RECV] su 1 148962 3 43466 855 8 11 4001 0 0 0 0 9976 0 0

[13:58:17] [RECV] eff 1 148962 15

[13:58:18] [RECV] su 1 148962 3 43495 855 8 11 4001 0 0 0 0 17033 5 0

[13:58:18] [RECV] su 3 43464 2 43461 0 8 11 1009 0 0 1 67 355 0 0

[13:58:18] [RECV] su 2 43461 3 43464 0 12 11 200 0 0 1 90 89 0 0

[13:58:19] [RECV] su 2 43457 3 43496 0 12 11 200 0 0 1 97 57 0 0

[13:58:19] [SEND] walk 20 33 0 14
[13:58:20] [RECV] su 3 43464 2 43461 0 8 11 1009 0 0 1 60 378 0 0

[13:58:20] [RECV] su 2 43462 3 43496 0 12 11 200 0 0 1 94 89 0 0

[13:58:20] [RECV] su 3 43496 2 43462 0 12 11 1031 0 0 1 95 211 0 0

[13:58:20] [RECV] su 2 43460 3 43464 0 12 11 200 0 0 1 90 0 1 0

[13:58:20] [RECV] su 2 43456 3 43496 0 12 11 200 0 0 1 94 0 1 0

[13:58:20] [RECV] su 1 148962 3 43464 855 8 11 4001 0 0 0 0 10462 0 0

[13:58:21] [RECV] su 2 43461 2 43461 0 12 11 200 0 0 1 60 0 2 0

[13:58:21] [RECV] su 2 43459 2 43459 0 12 11 200 0 0 1 100 0 2 0

[13:58:21] [RECV] eff 3 43496 826

[13:58:21] [RECV] su 2 43455 3 43496 0 12 11 200 0 0 1 90 106 0 0

[13:58:22] [RECV] eff 1 148962 15

[13:58:22] [RECV] su 1 148962 3 43496 855 8 11 4001 0 0 0 0 17374 0 0

[13:58:22] [RECV] in 3 145 43497 30 16 6 100 100 0 0 0 -1 0 0 -1 - 2 -1 0 0 0 0 0 0 0 0

[13:58:22] [RECV] in 3 145 43498 30 25 4 100 100 0 0 0 -1 0 0 -1 - 2 -1 0 0 0 0 0 0 0 0

[13:58:22] [RECV] in 3 145 43499 30 32 5 100 100 0 0 0 -1 0 0 -1 - 2 -1 0 0 0 0 0 0 0 0

[13:58:23] [SEND] walk 21 28 1 14
[13:58:23] [SEND] walk 20 27 0 14
[13:58:23] [RECV] su 2 43457 2 43457 0 12 11 200 0 0 1 100 0 2 0

[13:58:23] [RECV] su 3 43499 2 43462 0 12 11 200 0 0 1 96 0 1 0

[13:58:23] [RECV] eff 3 43498 826

[13:58:24] [SEND] walk 20 29 1 14
[13:58:24] [RECV] eff 1 148962 15

[13:58:24] [RECV] su 1 148962 3 43494 855 8 11 4001 0 0 0 0 17460 0 0

[13:58:24] [RECV] in 3 145 43500 30 37 6 100 100 0 0 0 -1 0 0 -1 - 2 -1 0 0 0 0 0 0 0 0

[13:58:24] [RECV] in 3 145 43501 30 43 6 100 100 0 0 0 -1 0 0 -1 - 2 -1 0 0 0 0 0 0 0 0

[13:58:24] [RECV] su 3 43498 2 43457 0 12 11 200 0 0 1 95 223 0 0

[13:58:24] [SEND] walk 25 29 0 14
[13:58:25] [SEND] walk 21 29 0 14
[13:58:25] [RECV] su 1 148962 3 43498 855 8 11 4001 0 0 0 0 10284 0 0

[13:58:25] [RECV] in 3 145 43502 31 47 2 100 100 0 0 0 -1 0 0 -1 - 2 -1 0 0 0 0 0 0 0 0

[13:58:25] [SEND] walk 22 25 0 14
[13:58:26] [SEND] walk 22 23 0 14
[13:58:26] [RECV] su 3 43499 2 43462 0 12 11 200 0 0 1 91 320 0 0

[13:58:26] [RECV] eff 3 43500 826

[13:58:26] [RECV] su 2 43462 3 43499 0 12 11 200 0 0 1 96 77 0 0

[13:58:26] [SEND] walk 25 25 0 14
[13:58:26] [SEND] walk 26 30 0 14
[13:58:26] [RECV] su 3 43501 2 43460 0 12 11 200 0 0 1 93 310 0 0

[13:58:27] [RECV] su 2 43461 3 43501 0 12 11 200 0 0 1 97 65 0 0

[13:58:27] [RECV] su 2 43455 3 43500 0 12 11 200 0 0 1 100 0 1 0

[13:58:27] [RECV] eff 1 148962 15

[13:58:27] [RECV] su 1 148962 3 43497 855 8 11 4001 0 0 0 0 18384 0 0

[13:58:28] [RECV] su 3 43502 2 43460 0 12 11 200 0 0 1 88 281 0 0

[13:58:28] [RECV] su 3 43500 2 43455 0 12 11 200 0 0 1 94 277 0 0

[13:58:28] [RECV] su 2 43459 3 43501 0 12 11 200 0 0 1 95 59 0 0

[13:58:28] [SEND] walk 26 35 1 14
[13:58:28] [RECV] su 2 43458 3 43499 0 12 11 200 0 0 1 94 74 0 0

[13:58:28] [RECV] su 2 43457 3 43500 0 12 11 200 0 0 1 98 48 0 0

[13:58:28] [SEND] walk 26 37 0 14
[13:58:29] [RECV] su 2 43460 3 43502 0 12 11 200 0 0 1 100 0 1 0

[13:58:29] [SEND] walk 26 35 1 14
[13:58:29] [RECV] su 2 43456 3 43500 0 12 11 200 0 0 1 98 0 1 0

[13:58:29] [RECV] eff 3 43500 826

[13:58:29] [RECV] su 1 148962 3 43502 855 8 11 4001 0 0 0 0 10427 0 0

[13:58:29] [RECV] eff 1 148962 15

[13:58:29] [RECV] su 1 148962 3 43501 855 8 11 4001 0 0 0 0 17559 5 0

[13:58:30] [RECV] su 2 43461 2 43461 0 12 11 200 0 0 1 65 0 2 0

[13:58:30] [RECV] su 3 43499 3 43499 411 100 12 1023 0 0 1 94 0 -2 0

[13:58:30] [RECV] su 3 43499 2 43462 411 100 12 1023 0 0 1 85 404 5 0

[13:58:30] [RECV] su 3 43499 2 43458 411 100 12 1023 0 0 1 92 363 5 0

[13:58:30] [RECV] su 3 43499 2 43457 411 100 12 1023 0 0 1 88 443 5 0

[13:58:30] [RECV] su 2 43462 3 43499 0 12 11 200 0 0 1 92 27 0 0

[13:58:30] [RECV] su 2 43455 3 43500 0 12 11 200 0 0 1 98 0 1 0

[13:58:30] [RECV] su 3 43500 2 43455 0 12 11 200 0 0 1 91 217 0 0

[13:58:31] [RECV] eff 1 148962 15

[13:58:31] [RECV] su 1 148962 3 43499 855 8 11 4001 0 0 0 0 18193 0 0

[13:58:31] [SEND] walk 27 31 1 14
[13:58:31] [SEND] walk 26 33 0 14
[13:58:32] [RECV] su 2 43456 3 43500 0 12 11 200 0 0 1 92 134 3 0

[13:58:32] [RECV] eff 1 148962 15

[13:58:32] [RECV] su 1 148962 3 43500 855 8 11 4001 0 0 0 0 18241 0 0

[13:58:32] [RECV] rsfn 1 8 0

[13:58:33] [SEND] walk 31 32 0 14
[13:58:33] [RECV] gp 25 48 20007 2 2 0

[13:58:33] [RECV] gp 1 27 20005 1 3 0

[13:58:33] [RECV] in 2 311 43462 30 29 1 86 100 0 0 0 -1 1 0 -1 - 2 -1 0 0 0 0 0 0 0 0

[13:58:33] [RECV] in 2 311 43461 26 44 7 66 100 0 0 0 -1 1 0 -1 - 2 -1 0 0 0 0 0 0 0 0

[13:58:33] [RECV] in 2 311 43460 27 44 5 90 100 0 0 0 -1 1 0 -1 - 2 -1 0 0 0 0 0 0 0 0

[13:58:33] [RECV] in 2 311 43459 27 44 5 100 100 0 0 0 -1 1 0 -1 - 2 -1 0 0 0 0 0 0 0 0

[13:58:33] [RECV] in 2 311 43458 31 30 7 93 100 0 0 0 -1 1 0 -1 - 2 -1 0 0 0 0 0 0 0 0

[13:58:33] [RECV] in 2 311 43457 30 31 2 89 100 0 0 0 -1 1 0 -1 - 2 -1 0 0 0 0 0 0 0 0

[13:58:33] [RECV] in 2 311 43456 29 29 6 100 100 0 0 0 -1 1 0 -1 - 2 -1 0 0 0 0 0 0 0 0

[13:58:33] [RECV] in 2 311 43455 32 31 7 92 100 0 0 0 -1 1 0 -1 - 2 -1 0 0 0 0 0 0 0 0

[13:58:33] [RECV] in 2 311 43454 25 43 4 100 100 0 0 0 -1 1 0 -1 - 2 -1 0 0 0 0 0 0 0 0

[13:58:33] [RECV] in 2 311 43453 25 47 7 100 100 0 0 0 -1 1 0 -1 - 2 -1 0 0 0 0 0 0 0 0

[13:58:33] [RECV] in 2 311 43452 26 35 6 100 100 0 0 0 -1 1 0 -1 - 2 -1 0 0 0 0 0 0 0 0

[13:58:33] [RECV] in 2 311 43451 24 35 6 100 100 0 0 0 -1 1 0 -1 - 2 -1 0 0 0 0 0 0 0 0

[13:58:33] [RECV] in 2 311 43450 20 34 5 100 100 0 0 0 -1 1 0 -1 - 2 -1 0 0 0 0 0 0 0 0

[13:58:33] [RECV] in 2 311 43449 17 35 0 100 100 0 0 0 -1 1 0 -1 - 2 -1 0 0 0 0 0 0 0 0

[13:58:33] [RECV] in 2 311 43448 21 38 1 100 100 0 0 0 -1 1 0 -1 - 2 -1 0 0 0 0 0 0 0 0

[13:58:33] [RECV] in 9 1042 53983 19 26 1 0 0 0

[13:58:33] [RECV] in 9 1001 53982 32 31 1 0 0 0

[13:58:33] [RECV] in 9 1001 53981 27 45 1 0 0 0

[13:58:34] [RECV] msg 0 Une porte s'est ouverte.

[13:58:34] [RECV] evnt 1 0 2060 2300

[13:58:34] [RECV] evnt 1 0 4460 4460

[13:58:34] [RECV] npc_req 1 148962 6126

[13:58:34] [RECV] evnt 3 1 -1 -1

[13:58:34] [RECV] evnt 3 1 -1 -1

[13:58:34] [RECV] rsfn 1 8 0

[13:58:34] [SEND] walk 27 33 0 14
[13:58:35] [RECV] evnt 1 0 4460 4460

[13:58:35] [SEND] walk 31 32 0 14
[13:58:39] [RECV] eff_g  194 9999 32 31 0

[13:58:39] [RECV] msg 0 Tu as reçu un objet : Potion de récupération géante

[13:58:39] [SEND] walk 26 32 1 14
[13:58:40] [SEND] walk 22 29 0 14
[13:58:41] [SEND] walk 20 27 0 14
[13:58:44] [RECV] eff_g  194 9999 19 26 0

[13:58:44] [RECV] msg 0 Tu as reçu un objet : Encre mystérieuse

[13:58:45] [SEND] walk 20 32 1 14
[13:58:46] [SEND] walk 20 37 0 14
[13:58:47] [SEND] walk 23 41 1 14
[13:58:48] [SEND] walk 26 44 1 14
[13:58:50] [RECV] msg 1 Dans 1 minutes un combat instantané va commencer.

[13:58:50] [RECV] msg 0 Dans 1 minutes un combat instantané va commencer.

[13:58:51] [RECV] eff_g  194 9999 27 45 0

[13:58:51] [SEND] walk 26 48 0 14
[13:58:52] [SEND] preq
[13:58:52] [RECV] rsfn 1 8 0

[13:58:52] [RECV] at 148962 5208 12 1 2 0 50 2 -1

[13:58:52] [RECV] eff 3 43472 826

[13:58:52] [RECV] evnt 1 0 4290 4460

[13:58:52] [RECV] su 2 43471 3 43472 0 12 11 200 0 0 1 87 0 1 0

[13:58:53] [RECV] gp 12 1 20006 0 0 0

[13:58:53] [RECV] gp 23 12 20008 0 1 0

[13:58:53] [RECV] in 3 145 43472 13 8 0 87 100 0 0 0 -1 1 0 -1 - 2 -1 0 0 0 0 0 0 0 0

[13:58:53] [RECV] in 2 311 43471 14 9 3 69 100 0 0 0 -1 1 0 -1 - 2 -1 0 0 0 0 0 0 0 0

[13:58:53] [RECV] in 2 311 43470 12 9 6 94 100 0 0 0 -1 1 0 -1 - 2 -1 0 0 0 0 0 0 0 0

[13:58:53] [RECV] in 2 311 43469 16 15 4 100 100 0 0 0 -1 1 0 -1 - 2 -1 0 0 0 0 0 0 0 0

[13:58:53] [RECV] in 2 311 43468 18 9 0 100 100 0 0 0 -1 1 0 -1 - 2 -1 0 0 0 0 0 0 0 0

[13:58:53] [RECV] in 2 311 43467 19 9 2 100 100 0 0 0 -1 1 0 -1 - 2 -1 0 0 0 0 0 0 0 0

[13:58:53] [RECV] su 3 43472 2 43470 0 12 11 200 0 0 1 94 0 1 0

[13:58:53] [SEND] walk 12 6 0 14
[13:58:54] [RECV] su 2 43470 3 43472 0 12 11 200 0 0 1 87 0 1 0

[13:58:54] [SEND] walk 14 8 1 14
[13:58:54] [RECV] eff 2 43468 5004

[13:58:54] [RECV] eff 2 43467 5004

[13:58:54] [RECV] eff 1 148962 15

[13:58:54] [RECV] su 1 148962 3 43472 855 8 11 4001 0 0 0 0 17922 0 0

[13:58:54] [RECV] in 3 145 43503 14 6 5 100 100 0 0 0 -1 0 0 -1 - 2 -1 0 0 0 0 0 0 0 0

[13:58:54] [RECV] in 3 145 43504 14 10 0 100 100 0 0 0 -1 0 0 -1 - 2 -1 0 0 0 0 0 0 0 0

[13:58:55] [RECV] eff 3 43504 5000

[13:58:55] [RECV] eff 3 43504 826

[13:58:56] [RECV] su 1 148962 3 43504 855 8 11 4001 0 0 0 0 10308 0 0

[13:58:56] [RECV] eff 3 43503 826

[13:58:57] [RECV] su 3 43503 2 43467 0 12 11 200 0 0 1 92 347 0 0

[13:58:57] [RECV] su 2 43470 3 43503 0 12 11 200 0 0 1 97 86 3 0

[13:58:57] [RECV] eff 1 148962 15

[13:58:57] [RECV] su 1 148962 3 43503 855 8 11 4001 0 0 0 0 18431 0 0

[13:58:57] [RECV] su 2 43471 2 43471 0 12 11 200 0 0 1 72 0 2 0

[13:58:59] [RECV] rsfn 1 9 0

[13:59:01] [SEND] walk 19 9 1 14
[13:59:02] [SEND] walk 23 11 1 14
[13:59:03] [SEND] preq
[13:59:03] [RECV] rsfn 1 9 0

[13:59:03] [RECV] at 148962 5204 1 12 2 0 50 2 -1

[13:59:03] [RECV] eff 3 43474 826

[13:59:03] [RECV] evnt 1 0 4190 4460

[13:59:03] [RECV] in 2 311 43467 1 10 2 95 100 0 0 3 148962 1 0 -1 - 2 -1 0 0 0 0 0 0 0 0

[13:59:03] [RECV] in 2 311 43468 1 11 0 100 100 0 0 3 148962 1 0 -1 - 2 -1 0 0 0 0 0 0 0 0

[13:59:03] [RECV] gp 23 12 20009 0 1 0

[13:59:03] [RECV] gp 1 12 20007 0 3 0

[13:59:03] [RECV] in 3 148 43474 22 10 2 100 100 0 0 0 -1 1 0 -1 - 2 -1 0 0 0 0 0 0 0 0

[13:59:03] [RECV] in 3 148 43473 12 8 2 100 100 0 0 0 -1 1 0 -1 - 2 -1 0 0 0 0 0 0 0 0

[13:59:03] [RECV] in 2 311 43468 1 11 0 100 100 0 0 3 148962 1 0 -1 - 2 -1 0 0 0 0 0 0 0 0

[13:59:03] [RECV] in 2 311 43467 1 10 2 95 100 0 0 3 148962 1 0 -1 - 2 -1 0 0 0 0 0 0 0 0

[13:59:04] [SEND] walk 6 12 0 14
[13:59:05] [SEND] walk 10 12 1 14
[13:59:05] [SEND] walk 9 12 0 14
[13:59:06] [RECV] su 1 148962 3 43473 855 8 11 4001 0 0 0 0 10487 0 0

[13:59:07] [RECV] eff 3 43474 826

[13:59:07] [RECV] eff 1 148962 15

[13:59:07] [RECV] su 1 148962 3 43474 855 8 11 4001 0 0 0 0 17210 0 0

[13:59:07] [RECV] in 3 148 43505 20 14 2 100 100 0 0 0 -1 0 0 -1 - 2 -1 0 0 0 0 0 0 0 0

[13:59:08] [RECV] eff 3 43505 826

[13:59:08] [RECV] eff 1 148962 15

[13:59:08] [RECV] su 1 148962 3 43505 855 8 11 4001 0 0 0 0 17301 0 0

[13:59:10] [SEND] walk 14 12 0 14
[13:59:10] [RECV] rsfn 2 9 0

[13:59:11] [SEND] walk 15 12 0 14
[13:59:11] [SEND] walk 20 12 0 14
[13:59:12] [SEND] walk 22 12 1 14
[13:59:12] [SEND] preq
[13:59:12] [RECV] rsfn 2 9 0

[13:59:12] [RECV] at 148962 5207 1 12 2 0 50 2 -1

[13:59:12] [RECV] eff 3 43475 826

[13:59:12] [RECV] evnt 1 0 4090 4460

[13:59:12] [RECV] in 2 311 43467 1 12 2 100 100 0 0 3 148962 1 0 -1 - 2 -1 0 0 0 0 0 0 0 0

[13:59:12] [RECV] in 2 311 43468 2 12 0 100 100 0 0 3 148962 1 0 -1 - 2 -1 0 0 0 0 0 0 0 0

[13:59:13] [RECV] gp 12 23 20010 0 2 0

[13:59:13] [RECV] gp 1 12 20008 0 3 0

[13:59:13] [RECV] in 3 145 43476 11 12 2 100 100 0 0 0 -1 1 0 -1 - 2 -1 0 0 0 0 0 0 0 0

[13:59:13] [RECV] in 3 145 43475 9 10 4 100 100 0 0 0 -1 1 0 -1 - 2 -1 0 0 0 0 0 0 0 0

[13:59:13] [RECV] in 2 311 43468 2 12 0 100 100 0 0 3 148962 1 0 -1 - 2 -1 0 0 0 0 0 0 0 0

[13:59:13] [RECV] in 2 311 43467 1 12 2 100 100 0 0 3 148962 1 0 -1 - 2 -1 0 0 0 0 0 0 0 0

[13:59:13] [SEND] walk 6 13 1 14
[13:59:14] [SEND] walk 4 12 1 14
[13:59:14] [RECV] eff 3 43476 5000

[13:59:14] [RECV] su 1 148962 3 43475 855 8 11 4001 0 0 0 0 10830 0 0

[13:59:14] [RECV] in 3 148 43506 10 17 5 100 100 0 0 0 -1 0 0 -1 - 2 -1 0 0 0 0 0 0 0 0

[13:59:15] [RECV] eff 3 43476 826

[13:59:15] [RECV] su 1 148962 3 43476 855 8 11 4001 0 0 0 0 10799 0 0

[13:59:16] [RECV] in 3 148 43507 10 18 1 100 100 0 0 0 -1 0 0 -1 - 2 -1 0 0 0 0 0 0 0 0

[13:59:16] [RECV] eff 3 43507 826

[13:59:17] [RECV] eff 1 148962 15

[13:59:17] [RECV] su 1 148962 3 43506 855 8 11 4001 0 0 0 0 17161 0 0

[13:59:18] [RECV] su 1 148962 3 43507 855 8 11 4001 0 0 0 0 10346 0 0

[13:59:18] [RECV] rsfn 3 9 0

[13:59:18] [SEND] walk 8 14 1 14
[13:59:19] [SEND] walk 10 16 0 14
[13:59:19] [RECV] rsfn 3 9 0

[13:59:20] [SEND] walk 10 20 0 14
[13:59:20] [RECV] msg 1 Dans 30 secondes un combat instantané va commencer.

[13:59:20] [RECV] msg 0 Dans 30 secondes un combat instantané va commencer.

[13:59:21] [SEND] walk 12 22 1 14
[13:59:21] [SEND] preq
[13:59:21] [RECV] rsfn 3 9 0

[13:59:21] [RECV] at 148962 5208 12 1 2 0 50 2 -1

[13:59:21] [RECV] eff 3 43478 826

[13:59:21] [RECV] evnt 1 0 4000 4460

[13:59:21] [RECV] in 2 311 43467 10 2 2 100 100 0 0 3 148962 1 0 -1 - 2 -1 0 0 0 0 0 0 0 0

[13:59:21] [RECV] in 2 311 43468 10 2 0 100 100 0 0 3 148962 1 0 -1 - 2 -1 0 0 0 0 0 0 0 0

[13:59:22] [RECV] eff 3 43478 826

[13:59:22] [RECV] gp 12 1 20009 0 0 0

[13:59:22] [RECV] gp 23 12 20011 0 1 0

[13:59:22] [RECV] in 3 151 43479 17 7 5 100 100 0 0 0 -1 1 0 -1 - 2 -1 0 0 0 0 0 0 0 0

[13:59:22] [RECV] in 3 148 43478 13 8 5 100 100 0 0 0 -1 1 0 -1 - 2 -1 0 0 0 0 0 0 0 0

[13:59:22] [RECV] in 3 145 43477 10 7 3 100 100 0 0 0 -1 1 0 -1 - 2 -1 0 0 0 0 0 0 0 0

[13:59:22] [RECV] in 2 311 43468 10 2 0 100 100 0 0 3 148962 1 0 -1 - 2 -1 0 0 0 0 0 0 0 0

[13:59:22] [RECV] in 2 311 43467 10 2 2 100 100 0 0 3 148962 1 0 -1 - 2 -1 0 0 0 0 0 0 0 0

[13:59:23] [SEND] walk 12 5 0 14
[13:59:23] [RECV] eff 3 43479 5000

[13:59:23] [RECV] su 3 43477 2 43468 0 12 11 200 0 0 1 93 310 0 0

[13:59:24] [SEND] walk 12 4 1 14
[13:59:24] [RECV] eff 3 43478 5000

[13:59:24] [RECV] eff 2 43468 5005

[13:59:24] [RECV] su 1 148962 3 43477 855 8 11 4001 0 0 0 0 10398 0 0

[13:59:24] [RECV] su 2 43468 2 43468 0 12 11 200 0 0 1 93 0 2 0

[13:59:25] [RECV] su 3 43479 1 148962 0 8 11 1009 0 0 1 99 5 0 0

[13:59:25] [RECV] su 1 148962 3 43478 855 8 11 4001 0 0 0 0 10508 0 0

[13:59:25] [RECV] in 3 151 43508 17 14 1 100 100 0 0 0 -1 0 0 -1 - 2 -1 0 0 0 0 0 0 0 0

[13:59:26] [RECV] eff 3 43508 826

[13:59:26] [RECV] eff 1 148962 15

[13:59:26] [RECV] su 1 148962 3 43479 855 8 11 4001 0 0 0 0 17899 0 0

[13:59:26] [RECV] in 3 145 43509 17 8 5 100 100 0 0 0 -1 0 0 -1 - 2 -1 0 0 0 0 0 0 0 0

[13:59:30] [RECV] eff 3 43508 826

[13:59:31] [RECV] eff 3 43509 5000

[13:59:31] [RECV] su 1 148962 3 43509 855 8 11 4001 0 0 0 0 10512 0 0

[13:59:33] [RECV] su 1 148962 3 43508 855 8 11 4001 0 0 0 0 10228 0 0

[13:59:33] [RECV] rsfn 3 10 0

[13:59:34] [SEND] walk 15 8 0 14
[13:59:34] [RECV] rsfn 3 10 0

[13:59:35] [SEND] walk 20 9 0 14
[13:59:36] [SEND] walk 23 12 0 14
[13:59:37] [SEND] preq
[13:59:37] [RECV] rsfn 3 10 0

[13:59:37] [RECV] at 148962 5201 1 27 2 0 50 2 -1

[13:59:37] [RECV] npc_req 1 148962 6127

[13:59:37] [RECV] evnt 1 0 3840 4460

[13:59:37] [RECV] in 2 311 43467 3 25 2 100 100 0 0 3 148962 1 0 -1 - 2 -1 0 0 0 0 0 0 0 0

[13:59:37] [RECV] in 2 311 43468 2 27 0 99 100 0 0 3 148962 1 0 -1 - 2 -1 0 0 0 0 0 0 0 0

[13:59:37] [RECV] gp 48 25 4997 5 1 0

[13:59:37] [RECV] gp 1 27 20010 1 3 0

[13:59:37] [RECV] in 2 311 43468 2 27 0 99 100 0 0 3 148962 1 0 -1 - 2 -1 0 0 0 0 0 0 0 0

[13:59:38] [RECV] in 2 311 43467 3 25 2 100 100 0 0 3 148962 1 0 -1 - 2 -1 0 0 0 0 0 0 0 0

[13:59:38] [RECV] in 2 312 43491 19 32 2 100 100 0 0 0 -1 1 0 -1 - 2 -1 0 0 0 0 0 0 0 0

[13:59:38] [RECV] in 2 311 43490 38 22 7 100 100 0 0 0 -1 1 0 -1 - 2 -1 0 0 0 0 0 0 0 0

[13:59:38] [RECV] in 2 312 43489 23 44 1 100 100 0 0 0 -1 1 0 -1 - 2 -1 0 0 0 0 0 0 0 0

[13:59:38] [RECV] in 2 312 43488 23 39 1 100 100 0 0 0 -1 1 0 -1 - 2 -1 0 0 0 0 0 0 0 0

[13:59:38] [RECV] in 2 312 43487 23 34 3 100 100 0 0 0 -1 1 0 -1 - 2 -1 0 0 0 0 0 0 0 0

[13:59:38] [RECV] in 2 312 43486 23 26 6 100 100 0 0 0 -1 1 0 -1 - 2 -1 0 0 0 0 0 0 0 0

[13:59:38] [RECV] in 2 311 43485 21 26 7 100 100 0 0 0 -1 1 0 -1 - 2 -1 0 0 0 0 0 0 0 0

[13:59:38] [RECV] in 2 311 43484 20 44 2 100 100 0 0 0 -1 1 0 -1 - 2 -1 0 0 0 0 0 0 0 0

[13:59:38] [RECV] in 2 311 43483 20 34 2 100 100 0 0 0 -1 1 0 -1 - 2 -1 0 0 0 0 0 0 0 0

[13:59:38] [RECV] in 2 311 43482 20 29 6 100 100 0 0 0 -1 1 0 -1 - 2 -1 0 0 0 0 0 0 0 0

[13:59:38] [RECV] in 2 311 43481 19 38 2 100 100 0 0 0 -1 1 0 -1 - 2 -1 0 0 0 0 0 0 0 0

[13:59:38] [RECV] in 2 312 43480 17 22 1 100 100 0 0 0 -1 1 0 -1 - 2 -1 0 0 0 0 0 0 0 0

[13:59:38] [RECV] in 9 1042 53987 18 12 1 0 0 0

[13:59:38] [RECV] in 9 1001 53986 31 28 1 0 0 0

[13:59:38] [RECV] in 9 1001 53985 16 19 1 0 0 0

[13:59:38] [RECV] in 9 1001 53984 44 27 1 0 0 0

[13:59:40] [RECV] msg 1 Dans 10 secondes un combat instantané va commencer.

[13:59:40] [RECV] msg 0 Dans 10 secondes un combat instantané va commencer.

[13:59:41] [RECV] evnt 1 0 3840 4460

[13:59:41] [RECV] gp 48 25 4997 5 1 0

[13:59:41] [RECV] gp 1 27 20010 1 3 0

[13:59:41] [RECV] in 3 145 43492 32 33 0 100 100 0 0 0 -1 1 0 -1 - 2 -1 0 0 0 0 0 0 0 0

[13:59:41] [RECV] in 2 311 43468 2 27 0 99 100 0 0 3 148962 1 0 -1 - 2 -1 0 0 0 0 0 0 0 0

[13:59:41] [RECV] in 2 311 43467 3 25 2 100 100 0 0 3 148962 1 0 -1 - 2 -1 0 0 0 0 0 0 0 0

[13:59:41] [RECV] in 2 312 43491 19 32 2 100 100 0 0 0 -1 1 0 -1 - 2 -1 0 0 0 0 0 0 0 0

[13:59:41] [RECV] in 2 311 43490 38 22 7 100 100 0 0 0 -1 1 0 -1 - 2 -1 0 0 0 0 0 0 0 0

[13:59:41] [RECV] in 2 312 43489 23 44 1 100 100 0 0 0 -1 1 0 -1 - 2 -1 0 0 0 0 0 0 0 0

[13:59:41] [RECV] in 2 312 43488 23 39 1 100 100 0 0 0 -1 1 0 -1 - 2 -1 0 0 0 0 0 0 0 0

[13:59:41] [RECV] in 2 312 43487 23 34 3 100 100 0 0 0 -1 1 0 -1 - 2 -1 0 0 0 0 0 0 0 0

[13:59:41] [RECV] in 2 312 43486 23 26 6 100 100 0 0 0 -1 1 0 -1 - 2 -1 0 0 0 0 0 0 0 0

[13:59:41] [RECV] in 2 311 43485 21 26 7 100 100 0 0 0 -1 1 0 -1 - 2 -1 0 0 0 0 0 0 0 0

[13:59:42] [RECV] in 2 311 43484 20 44 2 100 100 0 0 0 -1 1 0 -1 - 2 -1 0 0 0 0 0 0 0 0

[13:59:42] [RECV] in 2 311 43483 20 34 2 100 100 0 0 0 -1 1 0 -1 - 2 -1 0 0 0 0 0 0 0 0

[13:59:42] [RECV] in 2 311 43482 20 29 6 100 100 0 0 0 -1 1 0 -1 - 2 -1 0 0 0 0 0 0 0 0

[13:59:42] [RECV] in 2 311 43481 19 38 2 100 100 0 0 0 -1 1 0 -1 - 2 -1 0 0 0 0 0 0 0 0

[13:59:42] [RECV] in 2 312 43480 17 22 1 100 100 0 0 0 -1 1 0 -1 - 2 -1 0 0 0 0 0 0 0 0

[13:59:42] [RECV] in 9 1042 53987 18 12 1 0 0 0

[13:59:42] [RECV] in 9 1001 53986 31 28 1 0 0 0

[13:59:42] [RECV] in 9 1001 53985 16 19 1 0 0 0

[13:59:42] [RECV] in 9 1001 53984 44 27 1 0 0 0

[13:59:42] [RECV] eff 3 43492 826

[13:59:42] [RECV] eff 3 43492 0

[13:59:42] [RECV] rsfm 26 2 0 0

[13:59:42] [RECV] evnt 3 0 1800 1800

[13:59:42] [RECV] evnt 1 0 3830 4460

[13:59:42] [RECV] in 3 145 43510 31 31 1 100 100 0 0 0 -1 0 0 -1 - 2 -1 0 0 0 0 0 0 0 0

[13:59:42] [RECV] msg 0 Les ennemis reçoivent des renforts !

[13:59:42] [RECV] in 3 148 43511 31 45 6 100 100 0 0 0 -1 0 0 -1 - 2 -1 0 0 0 0 0 0 0 0

[13:59:42] [RECV] msg 0 Les ennemis reçoivent des renforts !

[13:59:42] [RECV] in 3 148 43512 32 37 6 100 100 0 0 0 -1 0 0 -1 - 2 -1 0 0 0 0 0 0 0 0

[13:59:42] [RECV] msg 0 Les ennemis reçoivent des renforts !

[13:59:42] [RECV] in 3 145 43513 33 20 0 100 100 0 0 0 -1 0 0 -1 - 2 -1 0 0 0 0 0 0 0 0

[13:59:42] [RECV] msg 0 Les ennemis reçoivent des renforts !

[13:59:43] [RECV] eff 2 43490 6007

[13:59:43] [RECV] su 3 43513 2 43490 0 12 11 200 0 0 1 94 245 0 0

[13:59:43] [RECV] su 2 43491 3 43510 0 12 11 514 0 0 1 98 40 0 0

[13:59:44] [RECV] su 2 43487 3 43510 0 12 11 514 0 0 1 98 21 0 0

[13:59:44] [SEND] walk 6 27 0 14
[13:59:44] [RECV] su 3 43511 2 43489 0 12 11 1031 0 0 1 91 256 0 0

[13:59:45] [RECV] su 2 43489 3 43511 0 12 11 514 0 0 1 99 4 0 0

[13:59:45] [SEND] walk 11 27 0 14
[13:59:46] [RECV] su 3 43510 3 43510 411 100 12 1023 0 0 1 98 0 -2 0

[13:59:46] [RECV] su 3 43510 2 43487 411 100 12 1023 0 0 1 100 0 7 0

[13:59:46] [RECV] su 3 43513 2 43490 0 12 11 200 0 0 1 78 634 3 0

[13:59:46] [RECV] su 2 43490 3 43513 0 12 11 200 0 0 1 98 41 0 0

[13:59:46] [RECV] su 2 43486 3 43513 0 12 11 514 0 0 1 98 1 0 0

[13:59:46] [SEND] walk 15 27 0 14
[13:59:46] [RECV] su 2 43491 3 43510 0 12 11 514 0 0 1 97 33 0 0

[13:59:46] [SEND] walk 16 26 0 14
[13:59:47] [RECV] su 2 43488 3 43511 0 12 11 514 0 0 1 99 2 0 0

[13:59:47] [RECV] su 2 43487 3 43510 0 12 11 514 0 0 1 97 0 4 0

[13:59:47] [SEND] walk 21 25 1 14
[13:59:47] [RECV] su 3 43511 2 43489 0 12 11 1031 0 0 1 83 288 0 0

[13:59:47] [RECV] su 3 43492 3 43492 411 100 12 1023 0 0 1 100 0 -2 0

[13:59:47] [RECV] su 3 43492 2 43486 411 100 12 1023 0 0 1 84 480 5 0

[13:59:47] [RECV] su 2 43481 3 43510 0 12 11 200 0 0 1 95 57 0 0

[13:59:48] [RECV] su 3 43512 2 43488 412 100 12 1024 0 0 1 93 196 0 0

[13:59:48] [SEND] walk 26 25 0 14
[13:59:48] [SEND] walk 22 25 0 14
[13:59:48] [RECV] su 2 43489 3 43511 0 12 11 514 0 0 1 99 2 0 0

[13:59:48] [RECV] su 1 148962 3 43492 855 8 11 4001 0 0 0 0 10315 0 0

[13:59:48] [RECV] su 3 43510 2 43487 0 12 11 200 0 0 1 88 341 0 0

[13:59:49] [RECV] su 3 43513 2 43490 0 12 11 200 0 0 1 73 0 1 0

[13:59:49] [SEND] walk 27 25 1 14
[13:59:49] [SEND] walk 24 25 1 14
[13:59:49] [RECV] su 2 43488 3 43512 0 12 11 514 0 0 1 99 3 0 0

[13:59:50] [RECV] su 1 148962 3 43513 855 8 11 4001 0 0 0 0 10483 0 0

[13:59:50] [RECV] msg 1 Un combat instantané a commencé.

[13:59:50] [SEND] walk 25 30 1 14
[13:59:50] [SEND] walk 24 27 0 14
[13:59:51] [RECV] su 2 43491 3 43510 0 12 11 514 0 0 1 95 3 0 0

[13:59:51] [RECV] su 3 43511 2 43489 0 12 11 1031 0 0 1 78 218 0 0

[13:59:51] [RECV] su 1 148962 3 43510 855 8 11 4001 0 0 0 0 10866 0 0

[13:59:51] [SEND] walk 24 32 0 14
[13:59:52] [SEND] walk 24 28 1 14
[13:59:52] [RECV] eff 1 148962 15

[13:59:52] [RECV] su 1 148962 3 43512 855 8 11 4001 0 0 0 0 17223 0 0

[13:59:52] [RECV] su 2 43489 3 43511 0 12 11 514 0 0 1 99 5 0 0

[13:59:53] [SEND] walk 24 33 0 14
[13:59:53] [RECV] su 2 43488 3 43511 0 12 11 514 0 0 1 99 0 4 0

[13:59:54] [SEND] walk 25 38 0 14
[13:59:54] [RECV] su 3 43511 2 43489 0 12 11 1031 0 0 1 70 275 0 0

[13:59:54] [SEND] walk 24 34 1 14
[13:59:54] [RECV] eff 1 148962 15

[13:59:54] [RECV] su 1 148962 3 43511 855 8 11 4001 0 0 0 0 18297 0 0

[13:59:56] [RECV] rsfn 4 10 0

[13:59:56] [SEND] walk 23 29 1 14
[13:59:56] [SEND] walk 24 26 0 14
[13:59:57] [SEND] walk 22 25 0 14
[13:59:58] [SEND] walk 19 22 0 14
[13:59:58] [SEND] walk 17 20 1 14
[14:00:01] [RECV] eff_g  194 9999 16 19 0

[14:00:01] [RECV] msg 0 Le coffre est vide.

[14:00:02] [SEND] walk 17 15 0 14
[14:00:03] [SEND] walk 17 13 0 14
[14:00:05] [RECV] eff_g  194 9999 18 12 0

[14:00:06] [RECV] msg 0 Le coffre est vide.

[14:00:06] [SEND] walk 20 17 1 14
[14:00:07] [SEND] walk 23 20 1 14
[14:00:08] [SEND] walk 25 22 0 14
[14:00:08] [SEND] walk 26 26 1 14
[14:00:09] [SEND] walk 28 28 0 14
[14:00:11] [RECV] in 3 145 43514 31 31 2 100 100 0 0 0 -1 0 0 -1 - 2 -1 0 0 0 0 0 0 0 0

[14:00:11] [RECV] msg 0 Les ennemis reçoivent des renforts !

[14:00:11] [RECV] in 3 148 43515 31 45 1 100 100 0 0 0 -1 0 0 -1 - 2 -1 0 0 0 0 0 0 0 0

[14:00:11] [RECV] msg 0 Les ennemis reçoivent des renforts !

[14:00:11] [RECV] in 3 148 43516 32 37 2 100 100 0 0 0 -1 0 0 -1 - 2 -1 0 0 0 0 0 0 0 0

[14:00:11] [RECV] msg 0 Les ennemis reçoivent des renforts !

[14:00:11] [RECV] in 3 145 43517 33 20 7 100 100 0 0 0 -1 0 0 -1 - 2 -1 0 0 0 0 0 0 0 0

[14:00:11] [RECV] msg 0 Les ennemis reçoivent des renforts !

[14:00:12] [RECV] eff 3 43514 5000

[14:00:12] [RECV] su 2 43487 3 43515 0 12 11 514 0 0 1 99 2 0 0

[14:00:12] [RECV] su 3 43516 2 43487 0 12 11 1031 0 0 1 92 210 0 0

[14:00:12] [RECV] su 2 43480 3 43514 0 12 11 514 0 0 1 100 0 4 0

[14:00:12] [RECV] eff 1 148962 15

[14:00:13] [RECV] su 1 148962 3 43514 855 8 11 4001 0 0 0 0 17401 0 0

[14:00:13] [RECV] su 3 43517 2 43490 0 12 11 200 0 0 1 54 337 0 0

[14:00:13] [RECV] su 3 43515 2 43487 0 12 11 1031 0 0 1 86 208 0 0

[14:00:13] [SEND] walk 28 33 1 14
[14:00:13] [SEND] walk 28 30 1 14
[14:00:13] [RECV] su 2 43490 3 43517 0 12 11 200 0 0 1 99 17 0 0

[14:00:13] [RECV] su 2 43486 3 43517 0 12 11 514 0 0 1 98 33 0 0

[14:00:14] [RECV] su 2 43489 3 43516 0 12 11 514 0 0 1 99 4 0 0

[14:00:14] [RECV] su 2 43488 3 43516 0 12 11 514 0 0 1 99 5 0 0

[14:00:14] [RECV] eff 1 148962 15

[14:00:14] [RECV] su 1 148962 3 43516 855 8 11 4001 0 0 0 0 17748 0 0

[14:00:15] [SEND] walk 28 32 0 14
[14:00:15] [RECV] su 2 43491 3 43515 0 12 11 514 0 0 1 99 13 0 0

[14:00:15] [RECV] su 3 43517 2 43490 0 12 11 200 0 0 1 41 675 3 0

[14:00:15] [RECV] su 3 43515 2 43487 0 12 11 1031 0 0 1 80 233 0 0

[14:00:16] [RECV] su 1 148962 3 43515 855 8 11 4001 0 0 0 0 10608 0 0

[14:00:16] [RECV] su 2 43490 3 43517 0 12 11 200 0 0 1 97 46 0 0

[14:00:16] [SEND] walk 29 27 0 14
[14:00:18] [SEND] walk 30 26 0 14
[14:00:18] [RECV] su 2 43486 3 43517 0 12 11 514 0 0 1 96 20 0 0

[14:00:18] [RECV] eff 1 148962 15

[14:00:18] [RECV] su 1 148962 3 43517 855 8 11 4001 0 0 0 0 18286 0 0

[14:00:19] [SEND] walk 30 27 0 14
[14:00:20] [RECV] rsfn 4 10 0

[14:00:22] [RECV] eff_g  194 9999 31 28 0

[14:00:22] [RECV] msg 0 Tu as reçu un objet : Grande potion de guérison

[14:00:22] [SEND] walk 35 27 0 14
[14:00:23] [SEND] walk 40 27 1 14
[14:00:24] [SEND] walk 43 27 1 14
[14:00:27] [RECV] eff_g  194 9999 44 27 0

[14:00:27] [RECV] msg 0 Le coffre est vide.

[14:00:31] [SEND] walk 38 27 0 14
[14:00:31] [SEND] walk 35 27 0 14
[14:00:32] [SEND] walk 31 29 0 14
[14:00:33] [SEND] walk 29 31 0 14
[14:00:34] [SEND] walk 26 30 0 14
[14:00:41] [RECV] in 3 146 43518 30 38 5 100 100 0 0 0 -1 0 0 -1 - 2 -1 0 0 0 0 0 0 0 0

[14:00:41] [RECV] msg 0 Les ennemis reçoivent des renforts !

[14:00:41] [RECV] in 3 146 43519 31 28 3 100 100 0 0 0 -1 0 0 -1 - 2 -1 0 0 0 0 0 0 0 0

[14:00:41] [RECV] msg 0 Les ennemis reçoivent des renforts !

[14:00:41] [RECV] in 3 145 43520 31 31 5 100 100 0 0 0 -1 0 0 -1 - 2 -1 0 0 0 0 0 0 0 0

[14:00:41] [RECV] msg 0 Les ennemis reçoivent des renforts !

[14:00:41] [RECV] in 3 148 43521 31 41 0 100 100 0 0 0 -1 0 0 -1 - 2 -1 0 0 0 0 0 0 0 0

[14:00:41] [RECV] msg 0 Les ennemis reçoivent des renforts !

[14:00:41] [RECV] in 3 148 43522 31 45 4 100 100 0 0 0 -1 0 0 -1 - 2 -1 0 0 0 0 0 0 0 0

[14:00:41] [RECV] msg 0 Les ennemis reçoivent des renforts !

[14:00:41] [RECV] in 3 148 43523 32 37 2 100 100 0 0 0 -1 0 0 -1 - 2 -1 0 0 0 0 0 0 0 0

[14:00:41] [RECV] msg 0 Les ennemis reçoivent des renforts !

[14:00:42] [RECV] in 3 145 43524 33 20 2 100 100 0 0 0 -1 0 0 -1 - 2 -1 0 0 0 0 0 0 0 0

[14:00:42] [RECV] msg 0 Les ennemis reçoivent des renforts !

[14:00:42] [RECV] eff 3 43519 5000

[14:00:42] [RECV] su 2 43491 3 43523 0 12 11 514 0 0 1 99 5 0 0

[14:00:42] [RECV] eff 3 43520 5000

[14:00:42] [RECV] su 2 43487 3 43521 0 12 11 514 0 0 1 100 0 4 0

[14:00:42] [RECV] su 3 43522 2 43487 0 12 11 1031 0 0 1 86 237 0 0

[14:00:42] [RECV] su 3 43521 2 43489 0 12 11 1031 0 0 1 87 241 0 0

[14:00:43] [RECV] su 3 43519 1 148962 0 12 11 200 0 0 1 100 0 1 0

[14:00:43] [RECV] su 2 43489 3 43522 0 12 11 514 0 0 1 99 14 0 0

[14:00:43] [RECV] su 2 43488 3 43520 0 12 11 514 0 0 1 100 0 4 0

[14:00:43] [RECV] su 3 43518 2 43491 0 12 11 200 0 0 1 91 248 0 0

[14:00:43] [RECV] eff 1 148962 15

[14:00:43] [RECV] su 1 148962 3 43519 855 8 11 4001 0 0 0 0 17859 0 0

[14:00:43] [RECV] su 3 43520 1 148962 0 12 11 200 0 0 1 99 3 0 0

[14:00:44] [SEND] walk 27 35 0 14
[14:00:44] [SEND] walk 26 33 0 14
[14:00:45] [RECV] su 2 43491 3 43518 0 12 11 514 0 0 1 100 0 4 0

[14:00:45] [RECV] su 3 43518 2 43491 0 12 11 200 0 0 1 84 258 0 0

[14:00:45] [RECV] su 2 43486 3 43524 0 12 11 514 0 0 1 98 39 0 0

[14:00:46] [RECV] su 3 43523 2 43489 0 12 11 1031 0 0 1 79 279 0 0

[14:00:46] [RECV] su 2 43488 3 43520 0 12 11 514 0 0 1 99 12 0 0

[14:00:46] [RECV] su 2 43487 3 43521 0 12 11 514 0 0 1 100 0 4 0

[14:00:46] [RECV] su 2 43489 3 43521 0 12 11 514 0 0 1 100 0 4 0

[14:00:46] [RECV] su 3 43522 2 43487 0 12 11 1031 0 0 1 77 296 0 0

[14:00:46] [RECV] su 3 43520 2 43488 0 12 11 200 0 0 1 90 282 0 0

[14:00:46] [RECV] su 3 43521 2 43489 412 100 12 1024 0 0 1 73 202 0 0

[14:00:48] [SEND] walk 25 37 0 14
[14:00:48] [SEND] walk 26 36 0 14
[14:00:49] [RECV] su 3 43520 2 43488 0 12 11 200 0 0 1 83 270 0 0

[14:00:49] [RECV] su 2 43486 3 43524 0 12 11 514 0 0 1 98 26 0 0

[14:00:49] [RECV] su 3 43521 2 43489 0 12 11 1031 0 0 1 67 219 0 0

[14:00:49] [RECV] su 2 43491 3 43518 0 12 11 514 0 0 1 100 0 4 0

[14:00:49] [RECV] su 2 43488 3 43520 0 12 11 514 0 0 1 98 23 0 0

[14:00:49] [RECV] su 2 43487 3 43521 0 12 11 514 0 0 1 99 2 0 0

[14:00:49] [RECV] su 3 43518 3 43518 411 100 12 1023 0 0 1 100 0 -2 0

[14:00:49] [RECV] su 3 43518 2 43491 411 100 12 1023 0 0 1 70 486 5 0

[14:00:50] [RECV] su 3 43523 2 43489 0 12 11 1031 0 0 1 57 290 0 0

[14:00:50] [RECV] su 3 43524 2 43486 0 12 11 200 0 0 1 89 316 0 0

[14:00:50] [RECV] su 3 43522 2 43487 412 100 12 1024 0 0 1 79 0 1 0

[14:00:50] [RECV] eff 1 148962 15

[14:00:50] [RECV] su 1 148962 3 43518 855 8 11 4001 0 0 0 0 18197 0 0

[14:00:50] [RECV] eff 1 148962 15

[14:00:50] [RECV] su 1 148962 3 43521 855 8 11 4001 0 0 0 0 18013 5 0

[14:00:52] [RECV] su 3 43520 2 43488 0 12 11 200 0 0 1 73 338 0 0

[14:00:52] [RECV] su 2 43489 3 43523 0 12 11 514 0 0 1 99 0 4 0

[14:00:52] [RECV] su 2 43491 3 43523 0 12 11 514 0 0 1 99 0 4 0

[14:00:52] [RECV] su 2 43487 3 43522 0 12 11 514 0 0 1 99 0 4 0

[14:00:53] [RECV] su 3 43523 2 43489 0 12 11 1031 0 0 1 50 281 0 0

[14:00:53] [RECV] su 3 43524 2 43486 0 12 11 200 0 0 1 81 317 0 0

[14:00:53] [RECV] eff 2 43487 6007

[14:00:53] [RECV] su 3 43522 2 43487 0 12 11 1031 0 0 1 73 223 0 0

[14:00:53] [RECV] su 2 43488 3 43520 0 12 11 514 0 0 1 98 0 4 0

[14:00:54] [RECV] su 2 43490 3 43524 0 12 11 200 0 0 1 97 37 0 0

[14:00:55] [RECV] su 3 43520 2 43488 0 12 11 200 0 0 1 66 246 0 0

[14:00:55] [RECV] eff 1 148962 15

[14:00:55] [RECV] su 1 148962 3 43520 855 8 11 4001 0 0 0 0 18007 0 0

[14:00:55] [RECV] su 2 43491 3 43523 0 12 11 514 0 0 1 99 0 4 0

[14:00:55] [SEND] walk 30 38 0 14
[14:00:55] [RECV] su 2 43487 3 43522 0 12 11 514 0 0 1 99 5 0 0

[14:00:55] [RECV] su 2 43480 3 43524 0 12 11 514 0 0 1 96 28 0 0

[14:00:55] [SEND] walk 27 36 0 14
[14:00:55] [RECV] su 2 43489 3 43523 0 12 11 514 0 0 1 99 0 4 0

[14:00:56] [RECV] su 3 43524 2 43486 0 12 11 200 0 0 1 73 260 0 0

[14:00:56] [RECV] su 3 43522 2 43487 0 12 11 1031 0 0 1 62 213 0 0

[14:00:56] [RECV] eff 1 148962 15

[14:00:56] [RECV] su 1 148962 3 43523 855 8 11 4001 0 0 0 0 17616 0 0

[14:00:56] [SEND] walk 30 40 1 14
[14:00:56] [RECV] su 2 43486 3 43524 0 12 11 514 0 0 1 95 18 0 0

[14:00:57] [RECV] eff 1 148962 15

[14:00:58] [RECV] su 1 148962 3 43522 855 8 11 4001 0 0 0 0 17929 0 0

[14:00:58] [RECV] su 2 43491 2 43491 0 12 11 514 0 0 1 74 0 2 0

[14:00:58] [RECV] su 2 43490 3 43524 0 12 11 200 0 0 1 94 48 0 0

[14:00:58] [RECV] su 2 43487 2 43487 0 12 11 514 0 0 1 57 0 2 0

[14:00:58] [RECV] su 2 43480 3 43524 0 12 11 514 0 0 1 94 0 4 0

[14:00:58] [SEND] walk 30 39 0 14
[14:00:58] [RECV] su 3 43524 2 43486 0 12 11 200 0 0 1 66 275 0 0

[14:00:59] [RECV] eff 1 148962 15

[14:00:59] [RECV] su 1 148962 3 43524 855 8 11 4001 0 0 0 0 18219 0 0

[14:01:01] [RECV] rsfn 4 10 0

[14:01:02] [SEND] walk 30 36 0 14
[14:01:03] [SEND] walk 30 31 1 14
[14:01:04] [SEND] walk 28 34 0 14
[14:01:06] [SEND] walk 29 38 1 14
[14:01:06] [SEND] walk 28 35 0 14
[14:01:06] [SEND] walk 28 36 1 14
[14:01:11] [RECV] in 3 146 43525 30 38 5 100 100 0 0 0 -1 0 0 -1 - 2 -1 0 0 0 0 0 0 0 0

[14:01:11] [RECV] msg 0 Les ennemis reçoivent des renforts !

[14:01:11] [RECV] in 3 146 43526 31 28 0 100 100 0 0 0 -1 0 0 -1 - 2 -1 0 0 0 0 0 0 0 0

[14:01:11] [RECV] msg 0 Les ennemis reçoivent des renforts !

[14:01:11] [RECV] in 3 145 43527 31 31 2 100 100 0 0 0 -1 0 0 -1 - 2 -1 0 0 0 0 0 0 0 0

[14:01:11] [RECV] msg 0 Les ennemis reçoivent des renforts !

[14:01:11] [RECV] in 3 148 43528 31 41 2 100 100 0 0 0 -1 0 0 -1 - 2 -1 0 0 0 0 0 0 0 0

[14:01:11] [RECV] msg 0 Les ennemis reçoivent des renforts !

[14:01:11] [RECV] in 3 148 43529 31 45 7 100 100 0 0 0 -1 0 0 -1 - 2 -1 0 0 0 0 0 0 0 0

[14:01:11] [RECV] msg 0 Les ennemis reçoivent des renforts !

[14:01:11] [RECV] in 3 148 43530 32 37 7 100 100 0 0 0 -1 0 0 -1 - 2 -1 0 0 0 0 0 0 0 0

[14:01:12] [RECV] msg 0 Les ennemis reçoivent des renforts !

[14:01:12] [RECV] in 3 145 43531 33 20 7 100 100 0 0 0 -1 0 0 -1 - 2 -1 0 0 0 0 0 0 0 0

[14:01:12] [RECV] msg 0 Les ennemis reçoivent des renforts !

[14:01:12] [SEND] walk 30 40 1 14
[14:01:12] [RECV] eff 3 43525 5000

[14:01:12] [RECV] su 3 43529 2 43491 0 12 11 1031 0 0 1 72 256 0 0

[14:01:12] [RECV] su 3 43528 2 43489 0 12 11 1031 0 0 1 51 241 0 0

[14:01:12] [RECV] su 2 43480 3 43531 0 12 11 514 0 0 1 100 0 4 0

[14:01:12] [RECV] su 2 43491 3 43529 0 12 11 514 0 0 1 99 3 0 0

[14:01:12] [RECV] su 2 43488 3 43528 0 12 11 514 0 0 1 100 0 4 0

[14:01:12] [RECV] su 2 43490 3 43531 0 12 11 200 0 0 1 99 20 0 0

[14:01:13] [RECV] su 3 43530 2 43488 0 12 11 1031 0 0 1 66 273 0 0

[14:01:13] [SEND] walk 30 42 0 14
[14:01:13] [SEND] walk 30 41 0 14
[14:01:13] [RECV] su 3 43526 3 43526 0 12 11 200 0 0 1 100 0 2 0

[14:01:13] [RECV] su 2 43489 3 43528 0 12 11 514 0 0 1 99 3 0 0

[14:01:13] [RECV] su 2 43487 3 43527 0 12 11 514 0 0 1 98 38 0 0

[14:01:13] [RECV] su 1 148962 1 148962 864 400 12 4019 0 0 1 100 0 -2 0

[14:01:13] [RECV] eff 1 148962 15

[14:01:13] [RECV] su 1 148962 3 43529 864 400 12 4019 0 0 0 0 22010 5 0

[14:01:13] [RECV] eff 1 148962 15

[14:01:13] [RECV] su 1 148962 3 43528 864 400 12 4019 0 0 0 0 22474 5 0

[14:01:13] [RECV] eff 1 148962 15

[14:01:13] [RECV] su 1 148962 3 43525 864 400 12 4019 0 0 0 0 22515 5 0

[14:01:13] [RECV] su 3 43531 2 43490 0 12 11 200 0 0 1 64 272 0 0

[14:01:14] [RECV] su 2 43486 3 43526 0 12 11 514 0 0 1 99 1 0 0

[14:01:14] [RECV] su 3 43527 2 43488 0 12 11 200 0 0 1 57 304 0 0

[14:01:15] [RECV] su 2 43481 3 43527 0 12 11 200 0 0 1 98 0 1 0

[14:01:15] [RECV] su 2 43480 3 43531 0 12 11 514 0 0 1 98 17 0 0

[14:01:15] [RECV] su 2 43491 3 43530 0 12 11 514 0 0 1 99 3 0 0

[14:01:15] [RECV] su 2 43490 3 43531 0 12 11 200 0 0 1 97 46 0 0

[14:01:15] [RECV] su 3 43530 2 43488 0 12 11 1031 0 0 1 48 303 0 0

[14:01:16] [RECV] su 3 43526 2 43480 0 12 11 200 0 0 1 100 0 1 0

[14:01:16] [RECV] su 2 43488 3 43527 0 12 11 514 0 0 1 98 20 0 0

[14:01:16] [RECV] eff 1 148962 15

[14:01:16] [RECV] su 1 148962 3 43527 855 8 11 4001 0 0 0 0 17454 0 0

[14:01:16] [RECV] su 2 43487 2 43487 0 12 11 514 0 0 1 22 0 2 0

[14:01:16] [RECV] su 3 43531 2 43490 0 12 11 200 0 0 1 58 295 0 0

[14:01:16] [RECV] su 2 43489 3 43530 0 12 11 514 0 0 1 99 4 0 0

[14:01:17] [RECV] eff 1 148962 15

[14:01:17] [RECV] su 1 148962 3 43530 855 8 11 4001 0 0 0 0 18213 0 0

[14:01:17] [RECV] su 2 43486 3 43526 0 12 11 514 0 0 1 99 0 4 0

[14:01:18] [SEND] walk 30 36 0 14
[14:01:18] [RECV] su 2 43480 3 43526 0 12 11 514 0 0 1 99 0 4 0

[14:01:18] [RECV] su 3 43526 2 43480 0 12 11 200 0 0 1 91 268 0 0

[14:01:18] [SEND] walk 31 31 0 14
[14:01:19] [SEND] walk 30 35 0 14
[14:01:19] [RECV] su 3 43531 2 43490 0 12 11 200 0 0 1 54 289 0 0

[14:01:19] [RECV] su 1 148962 3 43526 855 8 11 4001 0 0 0 0 10221 0 0

[14:01:20] [SEND] walk 30 30 0 14
[14:01:20] [SEND] walk 30 31 1 14
[14:01:21] [RECV] eff 1 148962 15

[14:01:21] [RECV] su 1 148962 3 43531 855 8 11 4001 0 0 0 0 17978 0 0

[14:01:22] [RECV] rsfn 4 10 0

[14:01:41] [RECV] in 3 146 43532 30 38 3 100 100 0 0 0 -1 0 0 -1 - 2 -1 0 0 0 0 0 0 0 0

[14:01:41] [RECV] msg 0 Les ennemis reçoivent des renforts !

[14:01:41] [RECV] in 3 145 43533 31 25 1 100 100 0 0 0 -1 0 0 -1 - 2 -1 0 0 0 0 0 0 0 0

[14:01:41] [RECV] msg 0 Les ennemis reçoivent des renforts !

[14:01:41] [RECV] in 3 146 43534 31 28 0 100 100 0 0 0 -1 0 0 -1 - 2 -1 0 0 0 0 0 0 0 0

[14:01:41] [RECV] msg 0 Les ennemis reçoivent des renforts !

[14:01:41] [RECV] in 3 145 43535 31 31 5 100 100 0 0 0 -1 0 0 -1 - 2 -1 0 0 0 0 0 0 0 0

[14:01:41] [RECV] msg 0 Les ennemis reçoivent des renforts !

[14:01:41] [RECV] in 3 148 43536 31 41 7 100 100 0 0 0 -1 0 0 -1 - 2 -1 0 0 0 0 0 0 0 0

[14:01:41] [RECV] msg 0 Les ennemis reçoivent des renforts !

[14:01:42] [RECV] in 3 148 43537 31 45 4 100 100 0 0 0 -1 0 0 -1 - 2 -1 0 0 0 0 0 0 0 0

[14:01:42] [RECV] msg 0 Les ennemis reçoivent des renforts !

[14:01:42] [RECV] in 3 148 43538 32 37 2 100 100 0 0 0 -1 0 0 -1 - 2 -1 0 0 0 0 0 0 0 0

[14:01:42] [RECV] msg 0 Les ennemis reçoivent des renforts !

[14:01:42] [RECV] in 3 145 43539 33 20 4 100 100 0 0 0 -1 0 0 -1 - 2 -1 0 0 0 0 0 0 0 0

[14:01:42] [RECV] msg 0 Les ennemis reçoivent des renforts !

[14:01:42] [RECV] in 2 253 43540 30 38 4 100 100 0 0 0 -1 0 0 -1 - 2 -1 0 0 0 0 0 0 0 0

[14:01:42] [RECV] msg 0 Nous recevons des renforts !

[14:01:42] [RECV] in 2 253 43541 31 25 4 100 100 0 0 0 -1 0 0 -1 - 2 -1 0 0 0 0 0 0 0 0

[14:01:42] [RECV] msg 0 Nous recevons des renforts !

[14:01:42] [RECV] in 2 253 43542 31 28 3 100 100 0 0 0 -1 0 0 -1 - 2 -1 0 0 0 0 0 0 0 0

[14:01:42] [RECV] msg 0 Nous recevons des renforts !

[14:01:42] [RECV] in 2 253 43543 31 31 4 100 100 0 0 0 -1 0 0 -1 - 2 -1 0 0 0 0 0 0 0 0

[14:01:42] [RECV] msg 0 Nous recevons des renforts !

[14:01:42] [RECV] in 2 253 43544 31 41 4 100 100 0 0 0 -1 0 0 -1 - 2 -1 0 0 0 0 0 0 0 0

[14:01:42] [RECV] msg 0 Nous recevons des renforts !

[14:01:43] [RECV] in 2 253 43545 31 45 1 100 100 0 0 0 -1 0 0 -1 - 2 -1 0 0 0 0 0 0 0 0

[14:01:43] [RECV] msg 0 Nous recevons des renforts !

[14:01:43] [RECV] in 2 253 43546 32 37 2 100 100 0 0 0 -1 0 0 -1 - 2 -1 0 0 0 0 0 0 0 0

[14:01:43] [RECV] msg 0 Nous recevons des renforts !

[14:01:43] [RECV] in 2 253 43547 33 20 7 100 100 0 0 0 -1 0 0 -1 - 2 -1 0 0 0 0 0 0 0 0

[14:01:43] [RECV] msg 0 Nous recevons des renforts !

[14:01:43] [RECV] eff 3 43535 5000

[14:01:43] [RECV] su 3 43539 3 43539 0 12 11 200 0 0 1 100 0 2 0

[14:01:43] [RECV] su 2 43489 3 43538 0 12 11 514 0 0 1 100 0 4 0

[14:01:43] [RECV] su 2 43488 3 43537 0 12 11 514 0 0 1 100 0 4 0

[14:01:43] [RECV] su 2 43487 3 43536 0 12 11 514 0 0 1 100 0 4 0

[14:01:43] [RECV] su 2 43480 3 43539 0 12 11 514 0 0 1 99 2 0 0

[14:01:43] [RECV] su 3 43538 2 43546 0 12 11 1031 0 0 1 99 59 0 0

[14:01:43] [RECV] su 3 43537 2 43545 0 12 11 1031 0 0 1 99 36 0 0

[14:01:43] [RECV] su 3 43536 2 43544 0 12 11 1031 0 0 1 100 0 4 0

[14:01:44] [RECV] su 3 43535 3 43535 0 12 11 200 0 0 1 100 0 2 0

[14:01:44] [RECV] su 3 43534 2 43542 0 12 11 200 0 0 1 100 0 1 0

[14:01:44] [RECV] su 3 43533 2 43541 0 12 11 200 0 0 1 100 0 1 0

[14:01:44] [RECV] su 3 43532 2 43546 0 12 11 200 0 0 1 100 0 1 0

[14:01:44] [RECV] su 2 43546 3 43538 0 12 11 1073 0 0 1 100 0 4 0

[14:01:44] [RECV] su 2 43545 3 43537 0 12 11 1073 0 0 1 91 305 0 0

[14:01:44] [RECV] su 2 43544 3 43536 0 12 11 1073 0 0 1 86 473 0 0

[14:01:44] [RECV] su 2 43491 3 43532 0 12 11 514 0 0 1 100 0 4 0

[14:01:44] [RECV] su 2 43542 3 43534 0 12 11 1073 0 0 1 91 330 0 0

[14:01:44] [RECV] su 2 43541 3 43533 0 12 11 1073 0 0 1 88 412 0 0

[14:01:44] [RECV] su 2 43486 3 43534 0 12 11 514 0 0 1 90 29 0 0

[14:01:44] [RECV] su 2 43481 3 43535 0 12 11 200 0 0 1 98 62 0 0

[14:01:45] [RECV] su 3 43537 2 43545 0 12 11 1031 0 0 1 100 0 4 0

[14:01:45] [RECV] su 3 43536 2 43544 0 12 11 1031 0 0 1 100 0 4 0

[14:01:45] [RECV] su 3 43535 2 43543 0 12 11 200 0 0 1 100 0 1 0

[14:01:45] [RECV] su 3 43534 2 43542 0 12 11 200 0 0 1 100 0 1 0

[14:01:45] [RECV] su 3 43533 2 43541 0 12 11 200 0 0 1 100 0 1 0

[14:01:45] [RECV] su 3 43532 2 43546 0 12 11 200 0 0 1 100 0 1 0

[14:01:45] [RECV] su 2 43490 3 43539 0 12 11 200 0 0 1 99 0 1 0

[14:01:45] [RECV] su 2 43487 3 43536 0 12 11 514 0 0 1 86 0 4 0

[14:01:46] [RECV] su 3 43539 3 43539 411 100 12 1023 0 0 1 99 0 -2 0

[14:01:46] [RECV] su 3 43539 2 43547 411 100 12 1023 0 0 1 100 0 7 0

[14:01:46] [RECV] su 3 43539 2 43490 411 100 12 1023 0 0 1 58 442 5 0

[14:01:46] [RECV] su 2 43544 3 43536 0 12 11 1073 0 0 1 75 406 0 0

[14:01:46] [RECV] su 2 43491 3 43532 0 12 11 514 0 0 1 99 32 0 0

[14:01:46] [RECV] su 2 43489 3 43538 0 12 11 514 0 0 1 99 2 0 0

[14:01:46] [RECV] su 2 43480 3 43539 0 12 11 514 0 0 1 99 32 0 0

[14:01:46] [RECV] su 3 43538 2 43546 412 100 12 1024 0 0 1 99 32 0 0

[14:01:46] [RECV] su 2 43543 3 43535 0 12 11 1073 0 0 1 85 436 0 0

[14:01:46] [RECV] su 2 43542 3 43534 0 12 11 1073 0 0 1 78 457 0 0

[14:01:46] [RECV] su 1 148962 3 43536 855 8 11 4001 0 0 0 0 10597 0 0

[14:01:46] [RECV] su 2 43545 3 43537 0 12 11 1073 0 0 1 81 360 0 0

[14:01:46] [RECV] su 2 43547 3 43539 0 12 11 1073 0 0 1 85 462 0 0

[14:01:47] [RECV] su 2 43541 3 43533 0 12 11 1073 0 0 1 79 310 0 0

[14:01:47] [RECV] su 2 43488 3 43537 0 12 11 514 0 0 1 81 13 0 0

[14:01:47] [RECV] su 2 43486 3 43534 0 12 11 514 0 0 1 78 5 0 0

[14:01:47] [RECV] su 1 148962 3 43532 855 8 11 4001 0 0 0 0 10840 0 0

[14:01:48] [RECV] su 3 43534 2 43542 0 12 11 200 0 0 1 100 0 1 0

[14:01:48] [RECV] su 3 43533 2 43541 0 12 11 200 0 0 1 100 0 1 0

[14:01:48] [RECV] su 3 43537 2 43545 0 12 11 1031 0 0 1 100 0 4 0

[14:01:48] [RECV] su 2 43546 3 43538 0 12 11 1073 0 0 1 88 424 0 0

[14:01:48] [RECV] su 3 43539 2 43490 0 12 11 200 0 0 1 55 242 0 0

[14:01:48] [RECV] su 2 43480 3 43539 0 12 11 514 0 0 1 84 41 0 0

[14:01:49] [RECV] eff 1 148962 15

[14:01:49] [RECV] su 1 148962 3 43538 855 8 11 4001 0 0 0 0 17462 0 0

[14:01:49] [RECV] su 2 43543 3 43535 0 12 11 1073 0 0 1 77 279 0 0

[14:01:49] [RECV] su 2 43542 3 43534 0 12 11 1073 0 0 1 60 718 3 0

[14:01:49] [RECV] su 3 43535 3 43535 411 100 12 1023 0 0 1 77 0 -2 0

[14:01:49] [RECV] su 3 43535 1 148962 411 100 12 1023 0 0 1 99 5 5 0

[14:01:49] [RECV] su 3 43535 2 43543 411 100 12 1023 0 0 1 100 0 7 0

[14:01:49] [RECV] eff 2 43487 6007

[14:01:49] [RECV] su 3 43535 2 43487 411 100 12 1023 0 0 1 24 448 5 0

[14:01:49] [RECV] su 3 43535 2 43481 411 100 12 1023 0 0 1 100 0 7 0

[14:01:49] [RECV] su 2 43545 3 43537 0 12 11 1073 0 0 1 81 0 4 0

[14:01:49] [RECV] su 2 43547 3 43539 0 12 11 1073 0 0 1 70 498 0 0

[14:01:49] [RECV] su 2 43541 3 43533 0 12 11 1073 0 0 1 64 506 0 0

[14:01:49] [RECV] su 2 43491 3 43537 0 12 11 514 0 0 1 81 3 0 0

[14:01:50] [RECV] su 2 43487 3 43535 0 12 11 514 0 0 1 77 13 0 0

[14:01:50] [SEND] walk 30 32 0 14
[14:01:50] [RECV] su 2 43490 3 43539 0 12 11 200 0 0 1 69 24 0 0

[14:01:50] [RECV] su 2 43486 3 43534 0 12 11 514 0 0 1 60 0 4 0

[14:01:50] [RECV] su 2 43481 3 43535 0 12 11 200 0 0 1 77 0 1 0

[14:01:50] [RECV] su 2 43488 3 43537 0 12 11 514 0 0 1 80 3 0 0

[14:01:51] [RECV] su 3 43534 2 43542 0 12 11 200 0 0 1 99 81 0 0

[14:01:51] [RECV] su 3 43533 2 43541 0 12 11 200 0 0 1 100 0 1 0

[14:01:51] [RECV] su 3 43539 2 43547 0 12 11 200 0 0 1 99 83 0 0

[14:01:51] [RECV] su 2 43480 3 43539 0 12 11 514 0 0 1 69 1 0 0

[14:01:51] [RECV] su 2 43543 3 43535 0 12 11 1073 0 0 1 68 305 0 0

[14:01:51] [RECV] su 2 43542 3 43534 0 12 11 1073 0 0 1 51 339 0 0

[14:01:52] [RECV] su 2 43489 3 43534 0 12 11 514 0 0 1 51 0 4 0

[14:01:52] [RECV] su 3 43535 2 43543 0 12 11 200 0 0 1 100 0 1 0

[14:01:52] [RECV] su 3 43537 2 43545 0 12 11 1031 0 0 1 100 0 4 0

[14:01:52] [RECV] su 2 43545 3 43537 0 12 11 1073 0 0 1 67 476 0 0

[14:01:52] [RECV] su 1 148962 3 43537 855 8 11 4001 0 0 0 0 10408 0 0

[14:01:52] [RECV] su 2 43547 3 43539 0 12 11 1073 0 0 1 60 308 0 0

[14:01:52] [RECV] su 2 43541 3 43533 0 12 11 1073 0 0 1 54 373 0 0

[14:01:52] [RECV] su 2 43491 2 43491 0 12 11 514 0 0 1 93 0 2 0

[14:01:53] [RECV] su 2 43486 3 43534 0 12 11 514 0 0 1 51 0 4 0

[14:01:53] [RECV] su 3 43534 2 43542 0 12 11 200 0 0 1 100 0 1 0

[14:01:53] [RECV] su 3 43533 2 43541 0 12 11 200 0 0 1 100 0 1 0

[14:01:54] [RECV] su 2 43481 3 43535 0 12 11 200 0 0 1 68 18 0 0

[14:01:54] [RECV] su 2 43490 3 43539 0 12 11 200 0 0 1 60 0 1 0

[14:01:54] [RECV] su 3 43539 2 43547 0 12 11 200 0 0 1 99 73 0 0

[14:01:54] [RECV] su 2 43543 3 43535 0 12 11 1073 0 0 1 54 482 0 0

[14:01:54] [RECV] su 2 43542 3 43534 0 12 11 1073 0 0 1 42 353 0 0

[14:01:54] [RECV] su 1 148962 3 43534 855 8 11 4001 0 0 0 0 10862 0 0

[14:01:54] [RECV] su 3 43535 2 43543 0 12 11 200 0 0 1 100 0 1 0

[14:01:55] [RECV] su 2 43480 3 43539 0 12 11 514 0 0 1 60 22 0 0

[14:01:55] [RECV] su 2 43547 3 43539 0 12 11 1073 0 0 1 49 387 0 0

[14:01:55] [RECV] su 2 43541 3 43533 0 12 11 1073 0 0 1 41 454 0 0

[14:01:55] [RECV] su 2 43487 3 43535 0 12 11 514 0 0 1 54 0 4 0

[14:01:55] [RECV] su 2 43491 3 43535 0 12 11 514 0 0 1 54 2 0 0

[14:01:56] [RECV] su 1 148962 3 43533 855 8 11 4001 0 0 0 0 10653 0 0

[14:01:56] [RECV] su 2 43488 3 43535 0 12 11 514 0 0 1 52 45 3 0

[14:01:57] [RECV] su 2 43490 3 43539 0 12 11 200 0 0 1 48 15 0 0

[14:01:57] [RECV] su 1 148962 3 43535 855 8 11 4001 0 0 0 0 10791 0 0

[14:01:57] [RECV] su 3 43539 2 43547 0 12 11 200 0 0 1 99 74 0 0

[14:01:57] [RECV] su 2 43481 2 43481 0 12 11 200 0 0 1 100 0 2 0

[14:01:57] [RECV] su 2 43543 2 43543 0 12 11 1073 0 0 1 100 0 2 0

[14:01:57] [RECV] su 2 43486 3 43539 0 12 11 514 0 0 1 48 12 0 0

[14:01:58] [RECV] su 2 43547 3 43539 0 12 11 1073 0 0 1 37 365 0 0

[14:01:58] [RECV] su 2 43480 3 43539 0 12 11 514 0 0 1 37 5 0 0

[14:01:58] [RECV] su 2 43489 3 43539 0 12 11 514 0 0 1 37 0 4 0

[14:02:00] [RECV] su 3 43539 2 43547 0 12 11 200 0 0 1 100 0 1 0

[14:02:00] [RECV] su 2 43490 3 43539 0 12 11 200 0 0 1 36 43 0 0

[14:02:00] [RECV] eff 1 148962 15

[14:02:00] [RECV] su 1 148962 3 43539 855 8 11 4001 0 0 0 0 17691 0 0

[14:02:00] [RECV] su 2 43547 2 43547 0 12 11 1073 0 0 1 100 0 2 0

[14:02:02] [RECV] rsfn 4 10 0

[14:02:11] [RECV] in 3 146 43548 30 38 4 100 100 0 0 0 -1 0 0 -1 - 2 -1 0 0 0 0 0 0 0 0

[14:02:11] [RECV] msg 0 Les ennemis reçoivent des renforts !

[14:02:11] [RECV] in 3 145 43549 31 25 3 100 100 0 0 0 -1 0 0 -1 - 2 -1 0 0 0 0 0 0 0 0

[14:02:11] [RECV] msg 0 Les ennemis reçoivent des renforts !

[14:02:11] [RECV] in 3 146 43550 31 28 7 100 100 0 0 0 -1 0 0 -1 - 2 -1 0 0 0 0 0 0 0 0

[14:02:11] [RECV] msg 0 Les ennemis reçoivent des renforts !

[14:02:11] [RECV] in 3 145 43551 31 31 0 100 100 0 0 0 -1 0 0 -1 - 2 -1 0 0 0 0 0 0 0 0

[14:02:11] [RECV] msg 0 Les ennemis reçoivent des renforts !

[14:02:12] [RECV] in 3 148 43552 31 41 5 100 100 0 0 0 -1 0 0 -1 - 2 -1 0 0 0 0 0 0 0 0

[14:02:12] [RECV] msg 0 Les ennemis reçoivent des renforts !

[14:02:12] [RECV] in 3 148 43553 31 45 3 100 100 0 0 0 -1 0 0 -1 - 2 -1 0 0 0 0 0 0 0 0

[14:02:12] [RECV] msg 0 Les ennemis reçoivent des renforts !

[14:02:12] [RECV] in 3 145 43554 33 20 2 100 100 0 0 0 -1 0 0 -1 - 2 -1 0 0 0 0 0 0 0 0

[14:02:12] [RECV] msg 0 Les ennemis reçoivent des renforts !

[14:02:12] [RECV] in 2 253 43555 30 38 0 100 100 0 0 0 -1 0 0 -1 - 2 -1 0 0 0 0 0 0 0 0

[14:02:12] [RECV] msg 0 Nous recevons des renforts !

[14:02:12] [RECV] in 2 253 43556 31 25 7 100 100 0 0 0 -1 0 0 -1 - 2 -1 0 0 0 0 0 0 0 0

[14:02:12] [RECV] msg 0 Nous recevons des renforts !

[14:02:12] [RECV] in 2 253 43557 31 28 5 100 100 0 0 0 -1 0 0 -1 - 2 -1 0 0 0 0 0 0 0 0

[14:02:12] [RECV] msg 0 Nous recevons des renforts !

[14:02:12] [RECV] in 2 253 43558 31 31 5 100 100 0 0 0 -1 0 0 -1 - 2 -1 0 0 0 0 0 0 0 0

[14:02:12] [RECV] msg 0 Nous recevons des renforts !

[14:02:13] [RECV] in 2 253 43559 31 41 4 100 100 0 0 0 -1 0 0 -1 - 2 -1 0 0 0 0 0 0 0 0

[14:02:13] [RECV] msg 0 Nous recevons des renforts !

[14:02:13] [RECV] in 2 253 43560 31 45 3 100 100 0 0 0 -1 0 0 -1 - 2 -1 0 0 0 0 0 0 0 0

[14:02:13] [RECV] msg 0 Nous recevons des renforts !

[14:02:13] [RECV] in 2 253 43561 32 37 5 100 100 0 0 0 -1 0 0 -1 - 2 -1 0 0 0 0 0 0 0 0

[14:02:13] [RECV] msg 0 Nous recevons des renforts !

[14:02:13] [RECV] in 2 253 43562 33 20 2 100 100 0 0 0 -1 0 0 -1 - 2 -1 0 0 0 0 0 0 0 0

[14:02:13] [RECV] msg 0 Nous recevons des renforts !

[14:02:13] [RECV] su 2 43480 3 43554 0 12 11 514 0 0 1 99 4 0 0

[14:02:13] [RECV] eff 3 43551 5000

[14:02:13] [RECV] eff 2 43561 6007

[14:02:13] [RECV] su 3 43548 2 43561 0 12 11 200 0 0 1 98 135 0 0

[14:02:14] [RECV] su 2 43486 3 43549 0 12 11 514 0 0 1 99 10 0 0

[14:02:14] [RECV] su 3 43553 2 43560 0 12 11 1031 0 0 1 99 34 0 0

[14:02:14] [RECV] su 2 43561 3 43548 0 12 11 1073 0 0 1 86 516 0 0

[14:02:14] [RECV] su 3 43551 1 148962 0 12 11 200 0 0 1 99 4 0 0

[14:02:14] [RECV] su 2 43488 3 43552 0 12 11 514 0 0 1 99 1 0 0

[14:02:14] [RECV] su 3 43550 3 43550 0 12 11 200 0 0 1 100 0 2 0

[14:02:14] [RECV] su 2 43489 3 43551 0 12 11 514 0 0 1 99 2 0 0

[14:02:14] [RECV] su 2 43487 3 43550 0 12 11 514 0 0 1 99 17 0 0

[14:02:14] [RECV] su 2 43560 3 43553 0 12 11 1073 0 0 1 91 298 0 0

[14:02:14] [RECV] su 3 43549 2 43489 0 12 11 200 0 0 1 71 306 0 0

[14:02:14] [RECV] su 2 43481 3 43548 0 12 11 200 0 0 1 86 3 0 0

[14:02:15] [RECV] su 3 43548 2 43481 0 12 11 200 0 0 1 100 0 1 0

[14:02:15] [RECV] su 3 43552 2 43559 0 12 11 1031 0 0 1 100 0 4 0

[14:02:15] [RECV] su 3 43553 2 43560 0 12 11 1031 0 0 1 100 0 4 0

[14:02:15] [RECV] su 2 43561 3 43548 0 12 11 1073 0 0 1 77 352 0 0

[14:02:15] [RECV] su 3 43551 1 148962 0 12 11 200 0 0 1 99 0 1 0

[14:02:15] [RECV] su 2 43559 3 43552 0 12 11 1073 0 0 1 89 370 0 0

[14:02:15] [SEND] walk 32 35 1 14
[14:02:16] [RECV] su 3 43550 2 43557 0 12 11 200 0 0 1 100 0 1 0

[14:02:16] [RECV] su 2 43487 3 43550 0 12 11 514 0 0 1 99 0 4 0

[14:02:16] [RECV] su 2 43486 3 43549 0 12 11 514 0 0 1 99 0 4 0

[14:02:16] [RECV] su 3 43549 2 43489 0 12 11 200 0 0 1 62 323 0 0

[14:02:16] [RECV] su 2 43557 3 43550 0 12 11 1073 0 0 1 91 313 0 0

[14:02:16] [SEND] walk 31 40 0 14
[14:02:17] [RECV] su 2 43560 3 43553 0 12 11 1073 0 0 1 78 480 0 0

[14:02:17] [RECV] su 2 43488 3 43552 0 12 11 514 0 0 1 89 1 0 0

[14:02:17] [SEND] walk 32 39 0 14
[14:02:17] [RECV] su 3 43548 2 43481 0 12 11 200 0 0 1 93 306 0 0

[14:02:17] [RECV] su 1 148962 1 148962 864 400 12 4019 0 0 1 99 0 -2 0

[14:02:18] [RECV] su 1 148962 3 43552 864 400 12 4019 0 0 0 0 14355 5 0

[14:02:18] [RECV] eff 1 148962 15

[14:02:18] [RECV] su 1 148962 3 43551 864 400 12 4019 0 0 0 0 22954 5 0

[14:02:18] [RECV] eff 1 148962 15

[14:02:18] [RECV] su 1 148962 3 43548 864 400 12 4019 0 0 0 0 22897 5 0

[14:02:18] [RECV] su 2 43561 2 43561 0 12 11 1073 0 0 1 97 0 2 0

[14:02:18] [RECV] su 2 43481 2 43481 0 12 11 200 0 0 1 93 0 2 0

[14:02:18] [RECV] su 2 43489 3 43549 0 12 11 514 0 0 1 99 12 0 0

[14:02:18] [RECV] su 3 43553 2 43560 0 12 11 1031 0 0 1 100 0 4 0

[14:02:18] [RECV] su 3 43550 2 43557 0 12 11 200 0 0 1 100 0 1 0

[14:02:18] [RECV] su 2 43487 3 43550 0 12 11 514 0 0 1 90 20 0 0

[14:02:19] [RECV] su 3 43549 2 43489 0 12 11 200 0 0 1 52 344 0 0

[14:02:19] [RECV] su 2 43557 3 43550 0 12 11 1073 0 0 1 90 0 4 0

[14:02:20] [RECV] su 2 43560 3 43553 0 12 11 1073 0 0 1 68 369 0 0

[14:02:20] [RECV] su 3 43554 2 43556 0 12 11 200 0 0 1 98 136 0 0

[14:02:20] [RECV] su 2 43488 3 43553 0 12 11 514 0 0 1 67 1 0 0

[14:02:21] [RECV] su 2 43556 3 43554 0 12 11 1073 0 0 1 86 454 0 0

[14:02:21] [RECV] su 2 43486 3 43549 0 12 11 514 0 0 1 99 1 0 0

[14:02:21] [RECV] su 1 148962 3 43553 855 8 11 4001 0 0 0 0 10534 0 0

[14:02:21] [RECV] su 3 43550 2 43557 0 12 11 200 0 0 1 98 120 0 0

[14:02:21] [RECV] su 2 43489 3 43549 0 12 11 514 0 0 1 99 1 0 0

[14:02:21] [SEND] walk 32 34 0 14
[14:02:22] [RECV] su 3 43549 2 43489 0 12 11 200 0 0 1 42 336 0 0

[14:02:22] [RECV] su 2 43557 3 43550 0 12 11 1073 0 0 1 75 613 3 0

[14:02:22] [RECV] su 2 43487 3 43550 0 12 11 514 0 0 1 74 19 0 0

[14:02:23] [RECV] su 1 148962 3 43549 855 8 11 4001 0 0 0 0 10411 0 0

[14:02:23] [RECV] su 3 43554 2 43556 0 12 11 200 0 0 1 100 0 1 0

[14:02:23] [RECV] su 2 43491 3 43550 0 12 11 514 0 0 1 74 5 0 0

[14:02:23] [RECV] su 2 43556 3 43554 0 12 11 1073 0 0 1 76 371 0 0

[14:02:24] [SEND] walk 32 32 1 14
[14:02:24] [RECV] su 3 43550 2 43557 0 12 11 200 0 0 1 99 0 1 0

[14:02:24] [RECV] eff 1 148962 15

[14:02:24] [RECV] su 1 148962 3 43554 855 8 11 4001 0 0 0 0 18516 0 0

[14:02:25] [RECV] su 2 43557 3 43550 0 12 11 1073 0 0 1 57 419 0 0

[14:02:25] [RECV] su 2 43487 3 43550 0 12 11 514 0 0 1 57 0 4 0

[14:02:26] [RECV] su 2 43486 3 43550 0 12 11 514 0 0 1 56 30 0 0

[14:02:26] [RECV] eff 1 148962 15

[14:02:26] [RECV] su 1 148962 3 43550 855 8 11 4001 0 0 0 0 17989 0 0

[14:02:26] [RECV] rsfn 4 10 0

[14:02:27] [RECV] rsfn 4 10 0

[14:02:30] [SEND] walk 36 31 1 14
[14:02:31] [SEND] walk 39 28 1 14
[14:02:31] [SEND] walk 40 27 1 14
[14:02:32] [SEND] walk 44 26 1 14
[14:02:40] [RECV] gp 48 25 4997 4 1 0

[14:02:40] [RECV] gp 1 27 20010 1 3 0

[14:02:40] [RECV] in 2 253 43562 35 17 2 100 100 0 0 0 -1 1 0 -1 - 2 -1 0 0 0 0 0 0 0 0

[14:02:40] [RECV] in 2 253 43561 33 30 5 97 99 0 0 0 -1 1 0 -1 - 2 -1 0 0 0 0 0 0 0 0

[14:02:40] [RECV] in 2 253 43560 26 46 3 100 100 0 0 0 -1 1 0 -1 - 2 -1 0 0 0 0 0 0 0 0

[14:02:40] [RECV] in 2 253 43559 30 41 4 100 100 0 0 0 -1 1 0 -1 - 2 -1 0 0 0 0 0 0 0 0

[14:02:40] [RECV] in 2 253 43558 35 33 5 100 100 0 0 0 -1 1 0 -1 - 2 -1 0 0 0 0 0 0 0 0

[14:02:40] [RECV] in 2 253 43557 38 21 5 100 100 0 0 0 -1 1 0 -1 - 2 -1 0 0 0 0 0 0 0 0

[14:02:41] [RECV] in 2 253 43556 22 25 7 100 100 0 0 0 -1 1 0 -1 - 2 -1 0 0 0 0 0 0 0 0

[14:02:41] [RECV] in 2 253 43555 30 38 0 100 100 0 0 0 -1 1 0 -1 - 2 -1 0 0 0 0 0 0 0 0

[14:02:41] [RECV] in 2 253 43547 37 18 7 100 100 0 0 0 -1 1 0 -1 - 2 -1 0 0 0 0 0 0 0 0

[14:02:41] [RECV] in 2 253 43546 25 36 2 100 100 0 0 0 -1 1 0 -1 - 2 -1 0 0 0 0 0 0 0 0

[14:02:41] [RECV] in 2 253 43545 26 45 1 100 100 0 0 0 -1 1 0 -1 - 2 -1 0 0 0 0 0 0 0 0

[14:02:41] [RECV] in 2 253 43544 32 32 4 100 100 0 0 0 -1 1 0 -1 - 2 -1 0 0 0 0 0 0 0 0

[14:02:41] [RECV] in 2 253 43543 29 39 4 100 100 0 0 0 -1 1 0 -1 - 2 -1 0 0 0 0 0 0 0 0

[14:02:41] [RECV] in 2 253 43542 21 34 3 100 100 0 0 0 -1 1 0 -1 - 2 -1 0 0 0 0 0 0 0 0

[14:02:41] [RECV] in 2 253 43541 35 28 4 100 100 0 0 0 -1 1 0 -1 - 2 -1 0 0 0 0 0 0 0 0

[14:02:41] [RECV] in 2 253 43540 29 34 4 100 100 0 0 0 -1 1 0 -1 - 2 -1 0 0 0 0 0 0 0 0

[14:02:41] [RECV] in 2 311 43468 2 27 0 100 100 0 0 3 148962 1 0 -1 - 2 -1 0 0 0 0 0 0 0 0

[14:02:41] [RECV] in 2 311 43467 3 25 2 100 100 0 0 3 148962 1 0 -1 - 2 -1 0 0 0 0 0 0 0 0

[14:02:42] [RECV] in 2 312 43491 37 23 2 100 100 0 0 0 -1 1 0 -1 - 2 -1 0 0 0 0 0 0 0 0

[14:02:42] [RECV] in 2 311 43490 27 17 7 80 100 0 0 0 -1 1 0 -1 - 2 -1 0 0 0 0 0 0 0 0

[14:02:42] [RECV] in 2 312 43489 35 28 1 51 100 0 0 0 -1 1 0 -1 - 2 -1 0 0 0 0 0 0 0 0

[14:02:42] [RECV] in 2 312 43488 31 41 1 89 100 0 0 0 -1 1 0 -1 - 2 -1 0 0 0 0 0 0 0 0

[14:02:42] [RECV] in 2 312 43487 38 20 3 14 100 0 0 0 -1 1 0 -1 - 2 -1 0 0 0 0 0 0 0 0

[14:02:42] [RECV] in 2 312 43486 35 26 6 100 100 0 0 0 -1 1 0 -1 - 2 -1 0 0 0 0 0 0 0 0

[14:02:42] [RECV] in 2 311 43485 24 9 7 100 100 0 0 0 -1 1 0 -1 - 2 -1 0 0 0 0 0 0 0 0

[14:02:42] [RECV] in 2 311 43484 20 34 2 100 100 0 0 0 -1 1 0 -1 - 2 -1 0 0 0 0 0 0 0 0

[14:02:42] [RECV] in 2 311 43483 21 33 2 100 100 0 0 0 -1 1 0 -1 - 2 -1 0 0 0 0 0 0 0 0

[14:02:42] [RECV] in 2 311 43482 30 28 6 100 100 0 0 0 -1 1 0 -1 - 2 -1 0 0 0 0 0 0 0 0

[14:02:42] [RECV] in 2 311 43481 28 43 2 100 100 0 0 0 -1 1 0 -1 - 2 -1 0 0 0 0 0 0 0 0

[14:02:43] [RECV] in 2 312 43480 31 17 1 100 100 0 0 0 -1 1 0 -1 - 2 -1 0 0 0 0 0 0 0 0

[14:02:43] [RECV] in 9 2010 53995 33 27 1 0 0 148962

[14:02:43] [RECV] in 9 2010 53994 32 26 1 0 0 148962

[14:02:43] [RECV] in 9 2010 53992 32 36 1 0 0 148962

[14:02:43] [RECV] msg 0 Une porte s'est ouverte.

[14:02:43] [RECV] evnt 1 0 2040 4460

[14:02:43] [RECV] npc_req 1 148962 6128

[14:02:43] [RECV] evnt 3 1 -1 -1

[14:02:43] [RECV] evnt 3 1 -1 -1

[14:02:43] [RECV] evnt 3 1 -1 -1

[14:02:50] [RECV] evnt 1 0 2040 4460

[14:02:52] [SEND] walk 47 26 1 14
[14:02:52] [SEND] preq
[14:02:52] [RECV] msg 0 Merci de patienter

[14:02:53] [RECV] evnt 10 0 -1 -1

[14:02:53] [RECV] rsfm 26 1 5 11

[14:03:02] [RECV] evnt 10 0 -1 -1
