[12:51:44] [RECV] rbr 21.0.0 4 15 31.99 3 98.1 111.1 124.1 -1.0 -1.0 224.1 -1.0 2131.1 1087.1 -1.0 1388.~Iyanu~ 0 0 Le duelTom t'a provoqué en duel pour tester tes forces ! Tu ne peux pas reculer. Prouve-lui ta bravoure en l'affrontant !

[12:51:46] [RECV] at 148962 5100 10 8 2 0 50 2 -1

[12:51:46] [RECV] rsfn 3 11 0

[12:51:46] [RECV] rsfn 3 10 1

[12:51:46] [RECV] rsfn 3 9 1

[12:51:46] [RECV] rsfn 3 8 1

[12:51:46] [RECV] rsfn 3 7 1

[12:51:46] [RECV] rsfn 3 6 1

[12:51:46] [RECV] evnt 1 -1 2000 2000

[12:51:46] [RECV] in 2 319 128179 11 10 2 100 100 0 0 3 148962 1 0 1102 Kliff 1 0 0 0 0 0 0 0 0 0

[12:51:46] [RECV] in 2 838 128192 11 10 2 100 100 0 0 3 148962 1 0 -1 Ratufu^de^la^Navy 2 -1 0 0 0 0 0 0 0 0

[12:51:46] [RECV] rsfm 21 0 4 12

[12:51:46] [RECV] evnt 1 -1 2000 2000

[12:51:46] [RECV] minfo 0 1 318.0/1 -1.0/0 -1/0 -1.0/0 0 1 0

[12:51:46] [RECV] msg 0 La mission commence dès que tu entres dans la première pièce.

[12:51:46] [RECV] gp 14 1 20076 0 0 0

[12:51:46] [RECV] in 2 838 128192 11 10 2 100 100 0 0 3 148962 1 0 -1 Ratufu^de^la^Navy 2 -1 0 0 0 0 0 0 0 0

[12:51:46] [RECV] in 2 319 128179 11 10 2 100 100 0 0 3 148962 1 0 1102 Kliff 1 0 0 0 0 0 0 0 0 0

[12:51:46] [SEND] walk 13 5 0 14
[12:51:47] [SEND] walk 15 2 0 14
[12:51:48] [SEND] preq
[12:51:49] [RECV] rsfn 3 11 0

[12:51:49] [RECV] at 148962 5100 14 28 2 0 50 2 -1

[12:51:49] [RECV] evnt 1 0 2000 2000

[12:51:49] [RECV] in 2 319 128179 16 28 2 100 100 0 0 3 148962 1 0 1102 Kliff 1 0 0 0 0 0 0 0 0 0

[12:51:49] [RECV] in 2 838 128192 14 26 2 100 100 0 0 3 148962 1 0 -1 Ratufu^de^la^Navy 2 -1 0 0 0 0 0 0 0 0

[12:51:49] [RECV] su 1 148962 1 148962 861 3000 24 4013 0 0 1 100 0 -1 0

[12:51:49] [RECV] su 1 148962 2 128192 861 3000 24 4013 0 0 1 100 0 5 0

[12:51:49] [RECV] su 1 148962 2 128179 861 3000 24 4013 0 0 1 100 0 5 0

[12:51:50] [RECV] gp 14 1 20079 0 0 0

[12:51:50] [RECV] gp 14 28 20064 0 2 0

[12:51:50] [RECV] in 2 838 128192 14 26 2 100 100 0 0 3 148962 1 0 -1 Ratufu^de^la^Navy 2 -1 0 0 0 0 0 0 0 0

[12:51:50] [RECV] in 2 319 128179 16 28 2 100 100 0 0 3 148962 1 0 1102 Kliff 1 0 0 0 0 0 0 0 0 0

[12:51:50] [RECV] npc_req 1 148962 6111

[12:51:50] [RECV] minfo 0 1 318.0/1 -1.0/0 -1/0 -1.0/0 0 1 0

[12:51:50] [RECV] msg 0 Nouvel objectif de mission !

[12:51:50] [SEND] preq
[12:51:51] [RECV] evnt 1 0 1990 2000

[12:51:51] [SEND] walk 14 23 1 14
[12:51:52] [SEND] walk 14 19 0 14
[12:51:53] [SEND] walk 12 15 0 14
[12:51:54] [SEND] walk 12 10 1 14
[12:51:55] [SEND] walk 12 5 0 14
[12:51:56] [SEND] walk 14 2 1 14
[12:51:56] [SEND] preq
[12:51:56] [RECV] rsfn 3 10 0

[12:51:57] [RECV] at 148962 5100 14 28 2 0 50 2 -1

[12:51:57] [RECV] eff 3 129011 826

[12:51:57] [RECV] evnt 1 0 1940 2000

[12:51:57] [RECV] in 2 319 128179 16 27 2 100 100 0 0 3 148962 1 0 1102 Kliff 1 0 0 0 0 0 0 0 0 0

[12:51:57] [RECV] in 2 838 128192 14 28 2 100 100 0 0 3 148962 1 0 -1 Ratufu^de^la^Navy 2 -1 0 0 0 0 0 0 0 0

[12:51:57] [RECV] gp 14 1 20082 1 0 0

[12:51:57] [RECV] gp 14 28 20076 0 2 0

[12:51:57] [RECV] in 3 20 129012 20 22 2 100 100 0 0 0 -1 1 0 -1 - 2 -1 0 0 0 0 0 0 0 0

[12:51:57] [RECV] in 3 20 129011 20 13 0 100 100 0 0 0 -1 1 0 -1 - 2 -1 0 0 0 0 0 0 0 0

[12:51:57] [RECV] in 3 20 129010 20 6 2 100 100 0 0 0 -1 1 0 -1 - 2 -1 0 0 0 0 0 0 0 0

[12:51:57] [RECV] in 3 140 129009 16 10 1 100 100 0 0 0 -1 1 0 -1 - 2 -1 0 0 0 0 0 0 0 0

[12:51:57] [RECV] in 3 140 129008 15 18 0 100 100 0 0 0 -1 1 0 -1 - 2 -1 0 0 0 0 0 0 0 0

[12:51:57] [RECV] in 3 140 129007 15 10 0 100 100 0 0 0 -1 1 0 -1 - 2 -1 0 0 0 0 0 0 0 0

[12:51:57] [RECV] in 3 140 129006 12 16 0 100 100 0 0 0 -1 1 0 -1 - 2 -1 0 0 0 0 0 0 0 0

[12:51:57] [RECV] in 3 20 129005 9 21 5 100 100 0 0 0 -1 1 0 -1 - 2 -1 0 0 0 0 0 0 0 0

[12:51:57] [RECV] in 3 20 129004 9 14 5 100 100 0 0 0 -1 1 0 -1 - 2 -1 0 0 0 0 0 0 0 0

[12:51:57] [RECV] in 3 20 129003 9 6 1 100 100 0 0 0 -1 1 0 -1 - 2 -1 0 0 0 0 0 0 0 0

[12:51:57] [RECV] in 2 838 128192 14 28 2 100 100 0 0 3 148962 1 0 -1 Ratufu^de^la^Navy 2 -1 0 0 0 0 0 0 0 0

[12:51:57] [RECV] in 2 319 128179 16 27 2 100 100 0 0 3 148962 1 0 1102 Kliff 1 0 0 0 0 0 0 0 0 0

[12:51:57] [RECV] in 9 1000 586324 11 12 1 0 0 0

[12:51:58] [SEND] walk 14 23 1 14
[12:51:58] [RECV] eff 3 129005 5000

[12:51:59] [RECV] su 3 129005 1 148962 0 12 11 1000 0 0 1 99 4 0 0

[12:51:59] [SEND] walk 13 21 1 14
[12:51:59] [SEND] walk 14 22 0 14
[12:51:59] [RECV] eff 3 129008 5000

[12:51:59] [RECV] eff 3 129006 5000

[12:51:59] [RECV] eff 1 148962 15

[12:51:59] [RECV] su 1 148962 3 129005 855 8 11 4001 0 0 0 0 20147 0 0

[12:52:00] [SEND] walk 19 21 1 14
[12:52:00] [SEND] walk 15 22 1 14
[12:52:00] [RECV] eff 1 148962 6004

[12:52:00] [RECV] su 1 148962 3 129012 855 8 11 4001 0 0 0 0 12583 0 0

[12:52:01] [RECV] eff 3 129011 826

[12:52:01] [SEND] walk 13 21 1 14
[12:52:01] [RECV] eff 1 148962 6004

[12:52:01] [RECV] su 3 129008 3 129008 0 12 11 200 0 0 1 100 0 2 0

[12:52:01] [RECV] su 3 129006 1 148962 0 12 11 200 0 0 1 35 6 3 0

[12:52:02] [RECV] su 1 148962 3 129006 855 8 11 4001 0 0 0 0 11053 0 0

[12:52:02] [SEND] walk 12 16 1 14
[12:52:03] [RECV] eff 3 129009 5000

[12:52:03] [SEND] walk 9 13 1 14
[12:52:03] [RECV] eff 3 129004 5000

[12:52:03] [SEND] walk 11 15 0 14
[12:52:04] [RECV] su 1 148962 3 129004 855 8 11 4001 0 0 0 0 12466 0 0

[12:52:04] [SEND] walk 12 16 1 14
[12:52:04] [RECV] eff 1 148962 6004

[12:52:05] [RECV] su 1 148962 3 129009 855 8 11 4001 0 0 0 0 10987 0 0

[12:52:05] [SEND] walk 17 17 1 14
[12:52:05] [RECV] eff 3 129011 5000

[12:52:06] [SEND] walk 13 17 0 14
[12:52:06] [RECV] eff 3 129011 826

[12:52:06] [RECV] eff 1 148962 15

[12:52:06] [RECV] su 1 148962 3 129008 855 8 11 4001 0 0 0 0 18045 0 0

[12:52:06] [RECV] su 3 129011 1 148962 0 12 11 1000 0 0 1 21 5 0 0

[12:52:06] [SEND] walk 12 13 1 14
[12:52:07] [SEND] walk 12 16 1 14
[12:52:07] [RECV] su 1 148962 3 129011 855 8 11 4001 0 0 0 0 12623 0 0

[12:52:08] [SEND] walk 14 12 0 14
[12:52:08] [SEND] walk 12 15 0 14
[12:52:08] [RECV] eff 1 148962 6004

[12:52:08] [RECV] eff 3 129010 826

[12:52:08] [RECV] su 1 148962 3 129007 855 8 11 4001 0 0 0 0 10946 0 0

[12:52:09] [SEND] walk 12 10 1 14
[12:52:09] [SEND] walk 12 14 0 14
[12:52:09] [RECV] su 1 148962 3 129003 855 8 11 4001 0 0 0 0 12352 0 0

[12:52:10] [SEND] walk 13 9 1 14
[12:52:10] [SEND] walk 12 13 1 14
[12:52:10] [RECV] eff 1 148962 6004

[12:52:10] [RECV] su 1 148962 3 129010 855 8 11 4001 0 0 0 0 12262 0 0

[12:52:11] [RECV] rsfn 3 9 0

[12:52:11] [RECV] eff 1 148962 6004

[12:52:12] [RECV] rsfn 3 9 0

[12:52:14] [RECV] out 9 586324

[12:52:14] [RECV] in 9 1045 586324 11 12 1 0 0 0

[12:52:14] [RECV] msg 0 Le levier a été actionné.

[12:52:15] [SEND] walk 12 8 0 14
[12:52:15] [RECV] gp 14 1 20082 2 0 0

[12:52:15] [RECV] gp 14 28 20076 0 2 0

[12:52:15] [RECV] in 2 838 128192 14 26 2 100 100 0 0 3 148962 1 0 -1 Ratufu^de^la^Navy 2 -1 0 0 0 0 0 0 0 0

[12:52:15] [RECV] in 2 319 128179 15 25 2 100 100 0 0 3 148962 1 0 1102 Kliff 1 0 0 0 0 0 0 0 0 0

[12:52:15] [RECV] in 9 2003 586334 10 5 1 0 0 148962

[12:52:15] [RECV] in 9 1076 586333 19 10 1 0 0 -1

[12:52:15] [RECV] in 9 1076 586331 11 16 1 0 0 -1

[12:52:15] [RECV] in 9 1045 586324 11 12 1 0 0 0

[12:52:15] [RECV] msg 0 Une porte s'est ouverte.

[12:52:15] [RECV] evnt 1 0 1750 2000

[12:52:15] [RECV] minfo 0 1 318.0/1 -1.0/0 -1/0 -1.0/0 0 1 0

[12:52:15] [RECV] msg 0 Nouvel objectif de mission !

[12:52:16] [SEND] walk 13 3 1 14
[12:52:17] [SEND] walk 14 2 1 14
[12:52:17] [SEND] preq
[12:52:17] [RECV] rsfn 3 9 0

[12:52:17] [RECV] at 148962 5100 14 28 2 0 50 2 -1

[12:52:17] [RECV] eff 3 129023 826

[12:52:17] [RECV] evnt 1 0 1730 2000

[12:52:17] [RECV] in 2 319 128179 14 26 2 100 100 0 0 3 148962 1 0 1102 Kliff 1 0 0 0 0 0 0 0 0 0

[12:52:17] [RECV] in 2 838 128192 14 27 2 100 100 0 0 3 148962 1 0 -1 Ratufu^de^la^Navy 2 -1 0 0 0 0 0 0 0 0

[12:52:18] [RECV] gp 14 1 20083 1 0 0

[12:52:18] [RECV] gp 14 28 20079 0 2 0

[12:52:18] [RECV] in 3 141 129023 22 17 3 100 100 0 0 0 -1 1 0 -1 - 2 -1 0 0 0 0 0 0 0 0

[12:52:18] [RECV] in 3 20 129022 22 14 3 100 100 0 0 0 -1 1 0 -1 - 2 -1 0 0 0 0 0 0 0 0

[12:52:18] [RECV] in 3 20 129021 20 10 2 100 100 0 0 0 -1 1 0 -1 - 2 -1 0 0 0 0 0 0 0 0

[12:52:18] [RECV] in 3 141 129020 18 14 1 100 100 0 0 0 -1 1 0 -1 - 2 -1 0 0 0 0 0 0 0 0

[12:52:18] [RECV] in 3 20 129019 17 6 1 100 100 0 0 0 -1 1 0 -1 - 2 -1 0 0 0 0 0 0 0 0

[12:52:18] [RECV] in 3 20 129018 13 5 7 100 100 0 0 0 -1 1 0 -1 - 2 -1 0 0 0 0 0 0 0 0

[12:52:18] [RECV] in 3 141 129017 10 12 4 100 100 0 0 0 -1 1 0 -1 - 2 -1 0 0 0 0 0 0 0 0

[12:52:18] [RECV] in 3 20 129016 10 7 3 100 100 0 0 0 -1 1 0 -1 - 2 -1 0 0 0 0 0 0 0 0

[12:52:18] [RECV] in 3 141 129015 9 16 3 100 100 0 0 0 -1 1 0 -1 - 2 -1 0 0 0 0 0 0 0 0

[12:52:18] [RECV] in 3 20 129014 7 10 2 100 100 0 0 0 -1 1 0 -1 - 2 -1 0 0 0 0 0 0 0 0

[12:52:18] [RECV] in 3 20 129013 6 13 5 100 100 0 0 0 -1 1 0 -1 - 2 -1 0 0 0 0 0 0 0 0

[12:52:18] [RECV] in 2 838 128192 14 27 2 100 100 0 0 3 148962 1 0 -1 Ratufu^de^la^Navy 2 -1 0 0 0 0 0 0 0 0

[12:52:18] [RECV] in 2 319 128179 14 26 2 100 100 0 0 3 148962 1 0 1102 Kliff 1 0 0 0 0 0 0 0 0 0

[12:52:18] [RECV] in 9 1000 586325 11 14 1 0 0 0

[12:52:18] [RECV] in 9 1001 586323 14 18 1 0 0 0

[12:52:19] [SEND] walk 13 24 1 14
[12:52:20] [SEND] walk 12 23 0 14
[12:52:21] [RECV] eff 1 148962 15

[12:52:21] [RECV] su 1 148962 3 129020 855 8 11 4001 0 0 0 0 17340 0 0

[12:52:21] [SEND] walk 8 20 1 14
[12:52:22] [SEND] walk 11 23 1 14
[12:52:22] [RECV] eff 3 129023 826

[12:52:22] [RECV] eff 1 148962 15

[12:52:22] [RECV] su 1 148962 3 129023 855 8 11 4001 0 0 0 0 17585 0 0

[12:52:22] [SEND] walk 11 18 0 14
[12:52:23] [SEND] walk 11 22 0 14
[12:52:23] [RECV] eff 3 129021 826

[12:52:23] [RECV] su 1 148962 3 129015 855 8 11 4001 0 0 0 0 10755 0 0

[12:52:23] [RECV] eff 1 148962 15

[12:52:23] [RECV] su 1 148962 3 129017 855 8 11 4001 0 0 0 0 16740 5 0

[12:52:23] [RECV] eff 1 148962 15

[12:52:23] [RECV] su 1 148962 3 129013 855 8 11 4001 0 0 0 0 20416 5 0

[12:52:24] [SEND] walk 11 17 1 14
[12:52:24] [RECV] eff 1 148962 6004

[12:52:25] [RECV] su 1 148962 3 129014 855 8 11 4001 0 0 0 0 12649 0 0

[12:52:25] [SEND] walk 11 12 0 14
[12:52:25] [SEND] walk 11 16 0 14
[12:52:25] [RECV] eff 1 148962 6004

[12:52:26] [RECV] su 1 148962 3 129016 855 8 11 4001 0 0 0 0 12027 0 0

[12:52:26] [SEND] walk 16 17 0 14
[12:52:26] [SEND] walk 12 16 1 14
[12:52:27] [RECV] eff 1 148962 6004

[12:52:27] [RECV] su 1 148962 3 129018 855 8 11 4001 0 0 0 0 12390 0 0

[12:52:27] [RECV] eff 3 129021 826

[12:52:27] [SEND] walk 16 17 0 14
[12:52:28] [SEND] walk 13 17 0 14
[12:52:28] [RECV] eff 1 148962 6004

[12:52:28] [RECV] su 1 148962 3 129019 855 8 11 4001 0 0 0 0 12411 0 0

[12:52:29] [RECV] eff 1 148962 6004

[12:52:29] [RECV] su 1 148962 3 129021 855 8 11 4001 0 0 0 0 12241 0 0

[12:52:30] [RECV] eff 1 148962 6004

[12:52:30] [RECV] eff 3 129022 826

[12:52:30] [RECV] eff 1 148962 15

[12:52:31] [RECV] su 1 148962 3 129022 855 8 11 4001 0 0 0 0 20483 0 0

[12:52:31] [RECV] rsfn 3 8 0

[12:52:31] [RECV] eff 1 148962 6004

[12:52:32] [SEND] walk 12 15 0 14
[12:52:32] [RECV] rsfn 3 8 0

[12:52:35] [RECV] out 9 586325

[12:52:35] [RECV] in 9 1045 586325 11 14 1 0 0 0

[12:52:35] [RECV] msg 0 Le levier a été actionné.

[12:52:35] [RECV] gp 14 1 20083 2 0 0

[12:52:35] [RECV] gp 14 28 20079 0 2 0

[12:52:35] [RECV] in 2 838 128192 14 27 2 100 100 0 0 3 148962 1 0 -1 Ratufu^de^la^Navy 2 -1 0 0 0 0 0 0 0 0

[12:52:35] [RECV] in 2 319 128179 14 26 2 100 100 0 0 3 148962 1 0 1102 Kliff 1 0 0 0 0 0 0 0 0 0

[12:52:35] [RECV] in 9 1045 586325 11 14 1 0 0 0

[12:52:35] [RECV] in 9 1001 586323 14 18 1 0 0 0

[12:52:35] [RECV] msg 0 Une porte s'est ouverte.

[12:52:35] [RECV] evnt 1 0 1550 2000

[12:52:35] [RECV] minfo 0 1 318.0/1 -1.0/0 -1/0 -1.0/0 0 1 0

[12:52:35] [RECV] msg 0 Nouvel objectif de mission !

[12:52:35] [SEND] walk 12 10 1 14
[12:52:36] [SEND] walk 12 7 1 14
[12:52:37] [SEND] walk 13 2 0 14
[12:52:37] [SEND] walk 12 10 1 14
[12:52:39] [SEND] walk 12 15 0 14
[12:52:39] [SEND] walk 13 17 0 14
[12:52:42] [RECV] eff_g  194 9999 14 18 0

[12:52:42] [RECV] msg 0 Tu as reçu un objet : Potion de récupération géante

[12:52:43] [SEND] walk 12 12 0 14
[12:52:44] [RECV] eff_t 2 128192 1 148962 4766

[12:52:44] [SEND] walk 12 7 1 14
[12:52:45] [SEND] walk 13 2 0 14
[12:52:46] [SEND] walk 14 1 0 14
[12:52:46] [SEND] preq
[12:52:47] [RECV] rsfn 3 8 0

[12:52:47] [RECV] at 148962 5100 14 28 2 0 50 2 -1

[12:52:47] [RECV] eff 3 129026 826

[12:52:47] [RECV] evnt 1 0 1440 2000

[12:52:47] [RECV] in 2 319 128179 16 26 2 100 100 0 0 3 148962 1 0 1102 Kliff 1 0 0 0 0 0 0 0 0 0

[12:52:47] [RECV] in 2 838 128192 16 26 2 100 100 0 0 3 148962 1 0 -1 Ratufu^de^la^Navy 2 -1 0 0 0 0 0 0 0 0

[12:52:47] [RECV] gp 14 1 20085 1 0 0

[12:52:47] [RECV] gp 14 28 20082 0 2 0

[12:52:47] [RECV] in 3 20 129029 24 17 4 100 100 0 0 0 -1 1 0 -1 - 2 -1 0 0 0 0 0 0 0 0

[12:52:47] [RECV] in 3 20 129028 19 11 4 100 100 0 0 0 -1 1 0 -1 - 2 -1 0 0 0 0 0 0 0 0

[12:52:47] [RECV] in 3 20 129027 16 6 4 100 100 0 0 0 -1 1 0 -1 - 2 -1 0 0 0 0 0 0 0 0

[12:52:47] [RECV] in 3 20 129026 13 6 1 100 100 0 0 0 -1 1 0 -1 - 2 -1 0 0 0 0 0 0 0 0

[12:52:47] [RECV] in 3 20 129025 9 11 4 100 100 0 0 0 -1 1 0 -1 - 2 -1 0 0 0 0 0 0 0 0

[12:52:47] [RECV] in 3 20 129024 5 17 2 100 100 0 0 0 -1 1 0 -1 - 2 -1 0 0 0 0 0 0 0 0

[12:52:47] [RECV] in 2 838 128192 16 26 2 100 100 0 0 3 148962 1 0 -1 Ratufu^de^la^Navy 2 -1 0 0 0 0 0 0 0 0

[12:52:47] [RECV] in 2 319 128179 16 26 2 100 100 0 0 3 148962 1 0 1102 Kliff 1 0 0 0 0 0 0 0 0 0

[12:52:47] [RECV] in 9 1000 586326 14 9 1 0 0 0

[12:52:49] [SEND] walk 14 23 1 14
[12:52:50] [SEND] walk 13 20 0 14
[12:52:51] [RECV] eff 1 148962 15

[12:52:51] [RECV] su 1 148962 3 129024 855 8 11 4001 0 0 0 0 20650 0 0

[12:52:51] [RECV] eff 3 129026 826

[12:52:51] [SEND] walk 12 15 0 14
[12:52:51] [SEND] walk 13 20 0 14
[12:52:51] [RECV] eff 1 148962 6004

[12:52:52] [RECV] eff 1 148962 15

[12:52:52] [RECV] su 1 148962 3 129025 855 8 11 4001 0 0 0 0 20774 0 0

[12:52:52] [SEND] walk 14 17 1 14
[12:52:52] [SEND] walk 13 19 0 14
[12:52:52] [RECV] eff 1 148962 6004

[12:52:53] [RECV] su 1 148962 3 129029 855 8 11 4001 0 0 0 0 12588 0 0

[12:52:53] [RECV] eff 1 148962 6004

[12:52:55] [RECV] eff 1 148962 15

[12:52:55] [RECV] su 1 148962 3 129026 855 8 11 4001 0 0 0 0 20017 0 0

[12:52:55] [SEND] walk 12 14 0 14
[12:52:55] [SEND] walk 13 18 1 14
[12:52:55] [RECV] eff 1 148962 6004

[12:52:55] [RECV] eff 3 129027 826

[12:52:56] [RECV] su 1 148962 3 129027 855 8 11 4001 0 0 0 0 12148 0 0

[12:52:56] [SEND] walk 12 13 1 14
[12:52:56] [SEND] walk 13 17 0 14
[12:52:56] [RECV] eff 1 148962 6004

[12:52:57] [RECV] eff 3 129028 826

[12:52:57] [RECV] su 1 148962 3 129028 855 8 11 4001 0 0 0 0 12280 0 0

[12:52:57] [RECV] rsfn 3 7 0

[12:52:57] [RECV] eff 1 148962 6004

[12:52:58] [SEND] walk 12 12 0 14
[12:52:58] [RECV] rsfn 3 7 0

[12:52:59] [SEND] walk 13 10 0 14
[12:53:02] [RECV] out 9 586326

[12:53:02] [RECV] in 9 1045 586326 14 9 1 0 0 0

[12:53:02] [RECV] msg 0 Le levier a été actionné.

[12:53:02] [RECV] gp 14 1 20085 2 0 0

[12:53:02] [RECV] gp 14 28 20082 0 2 0

[12:53:02] [RECV] in 2 838 128192 16 26 2 100 100 0 0 3 148962 1 0 -1 Ratufu^de^la^Navy 2 -1 0 0 0 0 0 0 0 0

[12:53:02] [RECV] in 2 319 128179 16 26 2 100 100 0 0 3 148962 1 0 1102 Kliff 1 0 0 0 0 0 0 0 0 0

[12:53:02] [RECV] in 9 2003 587039 25 16 1 0 0 148962

[12:53:02] [RECV] in 9 1045 586326 14 9 1 0 0 0

[12:53:02] [RECV] msg 0 Une porte s'est ouverte.

[12:53:02] [RECV] evnt 1 0 1280 2000

[12:53:02] [RECV] minfo 0 1 318.0/1 -1.0/0 -1/0 -1.0/0 0 1 0

[12:53:02] [RECV] msg 0 Nouvel objectif de mission !

[12:53:03] [SEND] walk 13 5 0 14
[12:53:04] [SEND] walk 14 2 1 14
[12:53:04] [SEND] preq
[12:53:04] [RECV] rsfn 3 7 0

[12:53:04] [RECV] at 148962 5100 14 28 2 0 50 2 -1

[12:53:04] [RECV] npc_req 1 148962 6112

[12:53:04] [RECV] evnt 1 0 1260 2000

[12:53:04] [RECV] in 2 319 128179 16 26 2 100 100 0 0 3 148962 1 0 1102 Kliff 1 0 0 0 0 0 0 0 0 0

[12:53:05] [RECV] in 2 838 128192 15 28 2 100 100 0 0 3 148962 1 0 -1 Ratufu^de^la^Navy 2 -1 0 0 0 0 0 0 0 0

[12:53:05] [RECV] gp 14 1 4997 4 0 0

[12:53:05] [RECV] gp 14 28 20083 1 2 0

[12:53:05] [RECV] in 2 838 128192 15 28 2 100 100 0 0 3 148962 1 0 -1 Ratufu^de^la^Navy 2 -1 0 0 0 0 0 0 0 0

[12:53:05] [RECV] in 2 319 128179 16 26 2 100 100 0 0 3 148962 1 0 1102 Kliff 1 0 0 0 0 0 0 0 0 0

[12:53:06] [RECV] evnt 1 0 1260 2000

[12:53:06] [RECV] gp 14 1 4997 4 0 0

[12:53:06] [RECV] gp 14 28 20083 1 2 0

[12:53:06] [RECV] in 3 4 129032 18 13 1 100 100 0 0 0 -1 1 0 -1 - 2 -1 0 0 0 0 0 0 0 0

[12:53:06] [RECV] in 3 4 129031 14 10 4 100 100 0 0 0 -1 1 0 -1 - 2 -1 0 0 0 0 0 0 0 0

[12:53:06] [RECV] in 3 4 129030 10 13 5 100 100 0 0 0 -1 1 0 -1 - 2 -1 0 0 0 0 0 0 0 0

[12:53:06] [RECV] in 3 318 129002 16 24 2 100 100 0 0 0 -1 1 0 -1 - 2 -1 0 0 0 0 0 0 0 0

[12:53:06] [RECV] in 2 838 128192 15 28 2 100 100 0 0 3 148962 1 0 -1 Ratufu^de^la^Navy 2 -1 0 0 0 0 0 0 0 0

[12:53:06] [RECV] in 2 319 128179 16 26 2 100 100 0 0 3 148962 1 0 1102 Kliff 1 0 0 0 0 0 0 0 0 0

[12:53:06] [RECV] eff 3 129002 826

[12:53:06] [RECV] rsfm 21 2 0 0

[12:53:06] [RECV] evnt 1 0 1250 2000

[12:53:06] [RECV] minfo 0 1 318.0/1 -1.0/0 -1/0 -1.0/0 0 1 0

[12:53:06] [RECV] msg 0 Nouvel objectif de mission !

[12:53:07] [SEND] walk 14 23 1 14
[12:53:07] [RECV] eff 3 129002 5000

[12:53:08] [SEND] walk 14 20 1 14
[12:53:08] [RECV] eff 3 129030 5000

[12:53:08] [RECV] su 3 129002 3 129002 0 6 11 1035 0 0 1 100 0 2 0

[12:53:09] [RECV] eff 1 148962 15

[12:53:09] [RECV] su 1 148962 3 129030 855 8 11 4001 0 0 0 0 18011 0 0

[12:53:09] [RECV] eff 3 129032 5000

[12:53:09] [SEND] walk 18 17 0 14
[12:53:10] [SEND] walk 16 19 0 14
[12:53:10] [RECV] su 1 148962 3 129031 855 8 11 4001 0 0 0 0 10955 0 0

[12:53:10] [RECV] eff 3 129002 826

[12:53:11] [SEND] walk 19 20 0 14
[12:53:11] [SEND] walk 17 19 0 14
[12:53:11] [RECV] eff 1 148962 15

[12:53:11] [RECV] su 1 148962 3 129032 855 8 11 4001 0 0 0 0 17773 0 0

[12:53:12] [RECV] su 3 129002 1 148962 0 6 11 1035 0 0 1 3 0 1 0

[12:53:13] [RECV] eff 1 148962 15

[12:53:13] [RECV] su 1 148962 3 129002 855 8 11 4001 0 0 0 0 20829 0 0

[12:53:14] [SEND] walk 17 14 1 14
[12:53:15] [RECV] rsfn 3 6 0

[12:53:15] [SEND] walk 17 11 1 14
[12:53:15] [RECV] evnt 3 1 -1 -1

[12:53:15] [RECV] npc_req 1 148962 6113

[12:53:15] [RECV] minfo 0 1 318.1/1 -1.0/0 -1/0 -1.0/0 0 1 0

[12:53:15] [RECV] msg 0 Nouvel objectif de mission !

[12:53:20] [RECV] evnt 1 0 1160 2000

[12:53:23] [SEND] walk 17 6 0 14
[12:53:24] [SEND] walk 15 2 0 14
[12:53:25] [SEND] walk 14 1 0 14
[12:53:25] [SEND] preq
[12:53:26] [RECV] msg 0 Merci de patienter

[12:53:26] [RECV] minfo 0 1 318.1/1 -1.0/0 -1/0 -1.0/0 0 1 0

[12:53:26] [RECV] msg 0 Nouvel objectif de mission !

[12:53:26] [RECV] evnt 10 0 -1 -1

[12:53:26] [RECV] rsfm 21 1 4 12

[12:53:39] [RECV] evnt 10 0 -1 -1
