[11:57:29] [RECV] rbr 63.1.0 4 15 65.99 6 -1.0 -1.0 -1.0 -1.0 -1.0 225.1 -1.0 2003.4 1087.1 -1.0 687.RecordFalcon 0 0 Le roi de l'horreurUn monstre des temps passés est apparu ! Les héros sont impuissants face à son incroyable force. Mais il a quand même un point faible : attaque-le lorsqu'il tousse. Il faut absolument anéantir ce monstre ou tout espoir est perdu ! Que la chance soit avec toi !

[11:57:31] [RECV] at 148962 4713 6 9 2 0 90 2 -1

[11:57:31] [RECV] rsfn 2 10 0

[11:57:31] [RECV] rsfn 2 9 1

[11:57:31] [RECV] rsfn 2 8 1

[11:57:31] [RECV] evnt 1 -1 5400 5400

[11:57:31] [RECV] rsfm 63 0 3 11

[11:57:31] [RECV] evnt 1 -1 5400 5400

[11:57:31] [RECV] minfo 0 0 266.0/1 -1.0/0 -1/0 -1.0/0 0 2 0

[11:57:31] [RECV] msg 0 La mission commence dès que tu entres dans la première pièce.

[11:57:31] [RECV] gp 8 0 20007 0 0 0

[11:57:32] [SEND] walk 7 11 0 12
[11:57:32] [SEND] walk 7 7 0 12
[11:57:33] [SEND] walk 6 3 0 12
[11:57:33] [SEND] walk 7 2 0 12
[11:57:34] [SEND] walk 8 1 0 12
[11:57:34] [SEND] preq
[11:57:35] [RECV] rsfn 2 10 0

[11:57:35] [RECV] at 148962 4708 8 17 2 0 90 2 -1

[11:57:35] [RECV] evnt 1 0 5400 5400

[11:57:35] [RECV] gp 8 0 20008 0 0 0

[11:57:35] [RECV] gp 8 17 20006 0 2 0

[11:57:36] [SEND] walk 8 13 0 12
[11:57:36] [SEND] walk 8 10 0 12
[11:57:37] [SEND] walk 8 6 0 12
[11:57:38] [SEND] walk 8 2 1 12
[11:57:39] [SEND] walk 8 1 0 12
[11:57:39] [SEND] preq
[11:57:39] [RECV] rsfn 2 9 0

[11:57:39] [RECV] at 148962 34 14 58 2 0 90 2 -1

[11:57:39] [RECV] npc_req 1 148962 6312

[11:57:39] [RECV] evnt 1 0 5350 5400

[11:57:40] [RECV] gp 14 58 20007 0 2 0

[11:57:40] [RECV] in 2 335 32820 19 34 3 100 100 0 0 0 -1 1 0 -1 - 2 -1 0 0 0 0 0 0 0 0

[11:57:40] [RECV] in 2 323 32819 17 34 7 100 100 0 0 0 -1 1 0 -1 - 2 -1 0 0 0 0 0 0 0 0

[11:57:40] [RECV] in 9 1042 76754 29 17 1 0 0 0

[11:57:40] [RECV] in 9 1042 76753 27 17 1 0 0 0

[11:57:40] [RECV] in 9 1042 76752 25 17 1 0 0 0

[11:57:41] [RECV] su 1 148962 1 148962 861 3000 24 4013 0 0 1 100 0 -1 0

[11:57:41] [SEND] preq
[11:57:43] [RECV] evnt 1 0 5350 5400

[11:57:44] [RECV] gp 14 58 20007 0 2 0

[11:57:44] [RECV] in 3 950 32828 28 26 3 100 100 0 0 0 -1 1 0 -1 - 2 -1 0 0 0 0 0 0 0 0

[11:57:44] [RECV] in 3 243 32827 28 24 2 100 100 0 0 0 -1 1 0 -1 - 2 -1 0 0 0 0 0 0 0 0

[11:57:44] [RECV] in 3 243 32826 20 27 5 100 100 0 0 0 -1 1 0 -1 - 2 -1 0 0 0 0 0 0 0 0

[11:57:44] [RECV] in 3 950 32825 15 26 4 100 100 0 0 0 -1 1 0 -1 - 2 -1 0 0 0 0 0 0 0 0

[11:57:44] [RECV] in 3 243 32824 15 24 4 100 100 0 0 0 -1 1 0 -1 - 2 -1 0 0 0 0 0 0 0 0

[11:57:44] [RECV] in 3 243 32823 14 28 3 100 100 0 0 0 -1 1 0 -1 - 2 -1 0 0 0 0 0 0 0 0

[11:57:44] [RECV] in 3 254 32822 13 24 5 100 100 0 0 0 -1 1 0 -1 - 2 -1 0 0 0 0 0 0 0 0

[11:57:44] [RECV] in 3 266 32821 21 22 1 100 100 0 0 0 -1 1 0 -1 - 2 -1 0 0 0 0 0 0 0 0

[11:57:44] [RECV] in 2 335 32820 19 34 3 100 100 0 0 0 -1 1 0 -1 - 2 -1 0 0 0 0 0 0 0 0

[11:57:44] [RECV] in 2 323 32819 17 34 7 100 100 0 0 0 -1 1 0 -1 - 2 -1 0 0 0 0 0 0 0 0

[11:57:44] [RECV] in 9 1042 76754 29 17 1 0 0 0

[11:57:44] [RECV] in 9 1042 76753 27 17 1 0 0 0

[11:57:44] [RECV] in 9 1042 76752 25 17 1 0 0 0

[11:57:44] [RECV] eff 3 32821 826

[11:57:44] [RECV] rsfm 63 2 0 0

[11:57:44] [RECV] evnt 1 0 5340 5400

[11:57:44] [RECV] minfo 0 0 266.0/1 -1.0/0 -1/0 -1.0/0 0 2 0

[11:57:44] [RECV] msg 0 Nouvel objectif de mission !

[11:57:45] [SEND] walk 14 54 0 12
[11:57:45] [RECV] su 3 32828 2 32820 0 200 11 1000 0 0 1 98 652 0 0

[11:57:45] [RECV] su 3 32825 2 32820 0 200 11 1000 0 0 1 96 695 0 0

[11:57:45] [SEND] walk 14 50 1 12
[11:57:46] [SEND] walk 14 48 0 12
[11:57:46] [RECV] su 3 32822 2 32819 0 12 11 1073 0 0 1 97 750 0 0

[11:57:47] [SEND] walk 14 44 1 12
[11:57:48] [RECV] eff 1 148962 15

[11:57:48] [RECV] su 1 148962 3 32823 855 8 11 4001 0 0 0 0 14430 0 0

[11:57:48] [RECV] in 3 265 32829 13 30 3 100 100 0 0 0 -1 0 0 -1 - 2 -1 0 0 0 0 0 0 0 0

[11:57:48] [SEND] walk 14 40 0 12
[11:57:48] [RECV] su 3 32824 2 32819 0 20 11 200 0 0 1 97 642 0 0

[11:57:48] [RECV] su 3 32829 2 32819 0 12 11 1055 0 0 1 95 465 0 0

[11:57:48] [RECV] eff 3 32821 824

[11:57:48] [RECV] eff 3 32821 826

[11:57:49] [SEND] walk 15 36 0 12
[11:57:49] [RECV] su 3 32822 2 32819 0 12 11 1073 0 0 1 93 841 0 0

[11:57:49] [SEND] walk 14 39 0 12
[11:57:50] [RECV] su 1 148962 3 32824 855 8 11 4001 0 0 0 0 8478 0 0

[11:57:50] [RECV] in 3 265 32830 16 30 4 100 100 0 0 0 -1 0 0 -1 - 2 -1 0 0 0 0 0 0 0 0

[11:57:50] [RECV] su 2 32819 2 32819 432 0 11 1067 0 0 1 94 0 -2 0

[11:57:50] [RECV] su 2 32819 3 32830 432 0 11 1067 0 0 1 72 1696 5 0

[11:57:50] [RECV] su 2 32819 3 32822 432 0 11 1067 0 0 1 74 1552 5 0

[11:57:51] [RECV] su 1 148962 3 32822 855 8 11 4001 0 0 0 0 9726 0 0

[11:57:51] [RECV] in 3 265 32831 22 30 1 100 100 0 0 0 -1 0 0 -1 - 2 -1 0 0 0 0 0 0 0 0

[11:57:51] [RECV] su 3 32830 2 32819 0 12 11 1055 0 0 1 93 432 0 0

[11:57:51] [RECV] su 3 32829 2 32819 0 12 11 1055 0 0 1 91 501 0 0

[11:57:52] [RECV] eff 1 148962 15

[11:57:52] [RECV] su 1 148962 3 32829 855 8 11 4001 0 0 0 0 17596 0 0

[11:57:52] [RECV] in 3 265 32832 20 30 3 100 100 0 0 0 -1 0 0 -1 - 2 -1 0 0 0 0 0 0 0 0

[11:57:52] [RECV] su 3 32831 2 32819 0 12 11 1055 0 0 1 90 646 3 0

[11:57:53] [RECV] eff 3 32832 5000

[11:57:53] [RECV] eff 1 148962 15

[11:57:53] [RECV] su 1 148962 3 32830 855 8 11 4001 0 0 0 0 17421 0 0

[11:57:53] [RECV] in 3 254 32833 16 27 0 100 100 0 0 0 -1 0 0 -1 - 2 -1 0 0 0 0 0 0 0 0

[11:57:53] [RECV] in 3 262 32834 18 22 0 100 100 0 0 0 -1 0 0 -1 - 2 -1 0 0 0 0 0 0 0 0

[11:57:53] [RECV] in 3 254 32835 22 29 5 100 100 0 0 0 -1 0 0 -1 - 2 -1 0 0 0 0 0 0 0 0

[11:57:53] [RECV] in 3 254 32836 27 27 1 100 100 0 0 0 -1 0 0 -1 - 2 -1 0 0 0 0 0 0 0 0

[11:57:53] [RECV] in 3 254 32837 30 21 0 100 100 0 0 0 -1 0 0 -1 - 2 -1 0 0 0 0 0 0 0 0

[11:57:53] [RECV] eff 3 32821 824

[11:57:53] [RECV] eff 3 32821 826

[11:57:53] [SEND] walk 14 35 1 12
[11:57:54] [RECV] eff 3 32835 5000

[11:57:54] [SEND] walk 16 35 0 12
[11:57:54] [RECV] eff 3 32833 5000

[11:57:54] [SEND] walk 15 36 0 12
[11:57:54] [RECV] su 3 32835 2 32819 0 12 11 1073 0 0 1 90 650 0 0

[11:57:54] [RECV] su 3 32832 1 148962 0 12 11 1055 0 0 1 98 262 0 0

[11:57:55] [RECV] su 3 32833 3 32833 0 12 11 1073 0 0 1 100 0 2 0

[11:57:55] [RECV] eff 1 148962 15

[11:57:55] [RECV] su 1 148962 3 32832 855 8 11 4001 0 0 0 0 17607 0 0

[11:57:55] [RECV] in 3 263 32838 16 25 4 100 100 0 0 0 -1 0 0 -1 - 2 -1 0 0 0 0 0 0 0 0

[11:57:55] [RECV] su 2 32820 2 32820 434 0 12 1071 0 0 1 100 0 -2 0

[11:57:55] [RECV] su 2 32820 3 32838 434 0 12 1071 0 0 1 96 143 5 0

[11:57:55] [RECV] su 2 32820 3 32834 434 0 12 1071 0 0 1 99 56 5 0

[11:57:55] [RECV] su 2 32820 3 32833 434 0 12 1071 0 0 1 95 242 5 0

[11:57:55] [RECV] su 2 32820 3 32825 434 0 12 1071 0 0 1 97 635 5 0

[11:57:55] [SEND] walk 15 32 0 12
[11:57:55] [RECV] su 3 32836 2 32819 0 12 11 1073 0 0 1 87 849 0 0

[11:57:56] [RECV] su 3 32838 2 32820 431 100 11 1053 0 0 1 94 1805 0 0

[11:57:56] [RECV] su 3 32831 2 32819 0 12 11 1055 0 0 1 87 414 0 0

[11:57:56] [SEND] walk 14 31 0 12
[11:57:56] [RECV] su 3 32834 2 32820 0 20 11 200 0 0 1 92 802 0 0

[11:57:57] [RECV] eff 1 148962 15

[11:57:57] [RECV] su 1 148962 3 32831 855 8 11 4001 0 0 0 0 17724 0 0

[11:57:57] [RECV] in 3 263 32839 21 25 7 100 100 0 0 0 -1 0 0 -1 - 2 -1 0 0 0 0 0 0 0 0

[11:57:57] [RECV] su 1 148962 3 32836 855 8 11 4001 0 0 0 0 9332 5 0

[11:57:57] [RECV] in 3 263 32840 26 25 0 100 100 0 0 0 -1 0 0 -1 - 2 -1 0 0 0 0 0 0 0 0

[11:57:57] [RECV] su 1 148962 3 32835 855 8 11 4001 0 0 0 0 9776 5 0

[11:57:57] [RECV] su 3 32837 2 32819 0 12 11 1073 0 0 1 84 956 0 0

[11:57:57] [SEND] walk 15 35 0 12
[11:57:57] [RECV] su 3 32833 2 32820 0 12 11 1073 0 0 1 92 530 0 0

[11:57:58] [RECV] su 3 32839 2 32819 431 100 11 1053 0 0 1 81 1346 0 0

[11:57:58] [SEND] walk 14 33 0 12
[11:57:58] [RECV] su 2 32819 2 32819 432 0 11 1067 0 0 1 82 0 -2 0

[11:57:58] [RECV] su 2 32819 3 32834 432 0 11 1067 0 0 1 90 627 5 0

[11:57:58] [RECV] su 2 32819 3 32833 432 0 11 1067 0 0 1 75 1244 5 0

[11:57:58] [RECV] su 1 148962 3 32833 855 8 11 4001 0 0 0 0 9781 0 0

[11:57:58] [RECV] in 3 262 32841 25 22 4 100 100 0 0 0 -1 0 0 -1 - 2 -1 0 0 0 0 0 0 0 0

[11:57:58] [RECV] su 1 148962 3 32834 855 8 11 4001 0 0 0 0 8094 5 0

[11:57:58] [RECV] su 1 148962 3 32825 855 8 11 4001 0 0 1 54 10032 5 0

[11:57:58] [RECV] eff 3 32821 824

[11:57:58] [RECV] eff 3 32821 826

[11:58:00] [RECV] su 3 32838 2 32820 0 12 11 1052 0 0 1 91 480 0 0

[11:58:00] [RECV] su 3 32837 2 32819 0 12 11 1073 0 0 1 80 883 0 0

[11:58:00] [RECV] su 3 32826 2 32819 0 20 11 200 0 0 1 78 702 0 0

[11:58:00] [RECV] su 1 148962 3 32825 855 8 11 4001 0 0 1 12 10124 0 0

[11:58:00] [RECV] su 1 148962 3 32838 855 8 11 4001 0 0 0 0 9370 5 0

[11:58:01] [RECV] su 3 32839 2 32819 0 12 11 1052 0 0 1 76 762 0 0

[11:58:01] [SEND] walk 13 30 1 12
[11:58:01] [SEND] walk 14 32 1 12
[11:58:01] [RECV] su 3 32821 3 32821 429 0 11 1075 0 0 1 100 0 -2 0

[11:58:01] [RECV] su 3 32821 2 32819 429 0 11 1075 0 0 1 56 7244 5 0

[11:58:01] [RECV] su 1 148962 3 32825 855 8 11 4001 0 0 1 1 9941 0 0

[11:58:02] [RECV] su 3 32841 2 32819 0 20 11 200 0 0 1 56 0 1 0

[11:58:02] [RECV] su 3 32840 2 32819 431 100 11 1053 0 0 1 53 1450 0 0

[11:58:02] [RECV] su 2 32820 2 32820 434 0 12 1071 0 0 1 92 0 -2 0

[11:58:02] [RECV] su 2 32820 3 32825 434 0 12 1071 0 0 1 1 786 5 0

[11:58:03] [RECV] su 3 32837 2 32819 0 12 11 1073 0 0 1 50 798 0 0

[11:58:03] [RECV] su 1 148962 3 32825 855 8 11 4001 0 0 1 1 9813 0 0

[11:58:03] [RECV] su 3 32827 2 32819 0 20 11 200 0 0 1 48 818 0 0

[11:58:03] [RECV] eff 3 32821 824

[11:58:03] [RECV] eff 3 32821 826

[11:58:04] [RECV] su 1 148962 3 32827 855 8 11 4001 0 0 0 0 8699 0 0

[11:58:04] [RECV] su 3 32839 2 32819 0 12 11 1052 0 0 1 47 680 0 0

[11:58:04] [SEND] walk 18 32 0 12
[11:58:05] [SEND] walk 16 32 0 12
[11:58:05] [RECV] eff 1 148962 15

[11:58:05] [RECV] su 1 148962 3 32841 855 8 11 4001 0 0 0 0 13300 0 0

[11:58:05] [RECV] eff 1 148962 15

[11:58:05] [RECV] su 1 148962 3 32840 855 8 11 4001 0 0 0 0 17212 5 0

[11:58:05] [RECV] eff 1 148962 15

[11:58:05] [RECV] su 1 148962 3 32837 855 8 11 4001 0 0 0 0 16201 5 0

[11:58:05] [RECV] eff 1 148962 15

[11:58:05] [RECV] su 1 148962 3 32821 855 8 11 4001 0 0 1 99 132 5 0

[11:58:05] [RECV] su 3 32826 2 32819 0 20 11 200 0 0 1 45 719 0 0

[11:58:05] [SEND] walk 20 32 1 12
[11:58:06] [RECV] su 2 32819 2 32819 432 0 11 1067 0 0 1 46 0 -2 0

[11:58:06] [RECV] su 2 32819 3 32839 432 0 11 1067 0 0 1 75 1083 5 0

[11:58:06] [RECV] su 2 32819 3 32826 432 0 11 1067 0 0 1 82 680 5 0

[11:58:06] [RECV] su 2 32819 3 32821 432 0 11 1067 0 0 1 99 14 5 0

[11:58:06] [SEND] walk 19 32 0 12
[11:58:07] [RECV] su 1 148962 3 32826 855 8 11 4001 0 0 0 0 8415 0 0

[11:58:07] [RECV] su 3 32821 3 32821 430 20 12 1076 0 0 1 99 0 -1 0

[11:58:08] [RECV] su 3 32839 2 32819 0 12 11 1052 0 0 1 45 676 0 0

[11:58:08] [RECV] su 1 148962 3 32839 855 8 11 4001 0 0 0 0 10067 0 0

[11:58:08] [RECV] eff 3 32821 824

[11:58:08] [RECV] eff 3 32821 826

[11:58:09] [RECV] su 2 32820 3 32825 433 0 11 1069 0 0 1 1 1036 0 0

[11:58:10] [RECV] su 1 148962 3 32821 855 8 11 4001 0 0 1 93 7711 0 0

[11:58:10] [RECV] su 3 32821 2 32819 0 12 11 200 0 0 1 27 6710 0 0

[11:58:10] [SEND] walk 21 31 1 12
[11:58:10] [SEND] walk 20 32 1 12
[11:58:11] [RECV] eff 1 148962 15

[11:58:11] [RECV] su 1 148962 3 32821 855 8 11 4001 0 0 1 82 12983 0 0

[11:58:11] [SEND] walk 22 33 1 12
[11:58:12] [SEND] walk 21 32 0 12
[11:58:12] [RECV] su 1 148962 3 32821 857 120 11 4011 0 0 1 74 9675 0 0

[11:58:12] [SEND] walk 22 33 1 12
[11:58:13] [RECV] su 1 148962 3 32821 862 450 11 4015 0 0 1 74 118 0 0

[11:58:13] [RECV] su 2 32819 2 32819 432 0 11 1067 0 0 1 27 0 -2 0

[11:58:13] [RECV] su 2 32819 3 32821 432 0 11 1067 0 0 1 74 13 5 0

[11:58:13] [RECV] eff 3 32821 824

[11:58:13] [RECV] eff 3 32821 826

[11:58:14] [RECV] eff 1 148962 15

[11:58:14] [RECV] su 1 148962 3 32821 860 250 13 4005 0 0 1 73 200 0 0

[11:58:15] [RECV] su 2 32820 3 32825 433 0 11 1069 0 0 1 1 1036 0 0

[11:58:15] [RECV] eff 1 148962 15

[11:58:15] [RECV] su 1 148962 3 32821 855 8 11 4001 0 0 1 73 145 0 0

[11:58:16] [SEND] walk 21 31 1 12
[11:58:16] [SEND] walk 22 32 0 12
[11:58:16] [RECV] eff 1 148962 15

[11:58:16] [RECV] su 1 148962 3 32821 855 8 11 4001 0 0 1 73 144 0 0

[11:58:17] [RECV] su 3 32821 3 32821 430 20 12 1076 0 0 1 73 0 -1 0

[11:58:17] [SEND] walk 19 31 0 12
[11:58:17] [SEND] walk 21 32 0 12
[11:58:17] [RECV] su 1 148962 3 32821 855 8 11 4001 0 0 1 65 8758 0 0

[11:58:17] [SEND] walk 22 32 0 12
[11:58:18] [RECV] eff 3 32821 824

[11:58:18] [RECV] eff 3 32821 826

[11:58:18] [RECV] eff 1 148962 15

[11:58:18] [RECV] su 1 148962 3 32821 856 70 11 4003 0 0 1 52 15783 0 0

[11:58:19] [RECV] su 1 148962 3 32821 855 8 11 4001 0 0 1 45 8745 0 0

[11:58:19] [SEND] walk 19 30 1 12
[11:58:20] [SEND] walk 21 32 0 12
[11:58:20] [RECV] su 2 32819 2 32819 432 0 11 1067 0 0 1 30 0 -2 0

[11:58:20] [RECV] su 2 32819 3 32821 432 0 11 1067 0 0 1 44 1215 5 0

[11:58:20] [RECV] su 1 148962 3 32821 855 8 11 4001 0 0 1 36 8629 0 0

[11:58:20] [SEND] walk 22 32 0 12
[11:58:21] [RECV] su 3 32821 3 32821 429 0 11 1075 0 0 1 36 0 -2 0

[11:58:21] [RECV] su 3 32821 2 32819 429 0 11 1075 0 0 1 10 7267 5 0

[11:58:21] [RECV] su 1 148962 3 32821 855 8 11 4001 0 0 1 36 86 0 0

[11:58:22] [SEND] walk 20 31 0 12
[11:58:22] [RECV] su 2 32820 2 32820 434 0 12 1071 0 0 1 100 0 -2 0

[11:58:22] [RECV] su 2 32820 3 32825 434 0 12 1071 0 0 1 1 1026 5 0

[11:58:22] [SEND] walk 21 32 0 12
[11:58:23] [RECV] su 1 148962 3 32821 855 8 11 4001 0 0 1 36 87 0 0

[11:58:23] [SEND] walk 22 32 0 12
[11:58:23] [RECV] eff 3 32821 824

[11:58:23] [RECV] eff 3 32821 826

[11:58:25] [RECV] su 3 32828 2 32820 0 200 11 1000 0 0 1 97 719 0 0

[11:58:25] [RECV] su 3 32821 3 32821 429 0 11 1075 0 0 1 36 0 -2 0

[11:58:25] [RECV] su 3 32821 2 32819 429 0 11 1075 0 0 0 0 8182 5 0

[11:58:26] [RECV] su 3 32825 2 32820 0 200 11 1000 0 0 1 96 571 0 0

[11:58:26] [RECV] eff 1 148962 15

[11:58:26] [RECV] su 1 148962 3 32821 855 8 11 4001 0 0 1 36 142 0 0

[11:58:27] [SEND] walk 19 33 1 12
[11:58:27] [SEND] walk 18 35 0 12
[11:58:28] [SEND] walk 17 36 0 12
[11:58:28] [SEND] walk 18 35 0 12
[11:58:28] [RECV] eff 3 32821 824

[11:58:28] [RECV] eff 3 32821 826

[11:58:28] [RECV] eff 1 148962 15

[11:58:28] [RECV] su 1 148962 3 32821 855 8 11 4001 0 0 1 35 143 0 0

[11:58:29] [SEND] walk 16 38 0 12
[11:58:29] [SEND] walk 18 36 0 12
[11:58:30] [RECV] su 1 148962 3 32821 855 8 11 4001 0 0 1 35 88 0 0

[11:58:30] [SEND] walk 16 39 1 12
[11:58:31] [RECV] eff 1 148962 15

[11:58:31] [RECV] su 1 148962 3 32821 855 8 11 4001 0 0 1 35 148 0 0

[11:58:31] [RECV] su 3 32821 3 32821 429 0 11 1075 0 0 1 35 0 -2 0

[11:58:31] [RECV] su 3 32821 1 148962 429 0 11 1075 0 0 1 96 380 5 0

[11:58:32] [RECV] su 1 148962 3 32821 855 8 11 4001 0 0 1 35 75 0 0

[11:58:33] [SEND] walk 14 42 0 12
[11:58:33] [SEND] walk 14 43 0 12
[11:58:33] [RECV] eff 3 32821 824

[11:58:33] [RECV] eff 3 32821 826

[11:58:33] [RECV] su 2 32820 2 32820 434 0 12 1071 0 0 1 100 0 -2 0

[11:58:33] [RECV] su 2 32820 3 32825 434 0 12 1071 0 0 1 1 1034 5 0

[11:58:33] [SEND] walk 15 42 0 12
[11:58:34] [RECV] eff 1 148962 15

[11:58:34] [RECV] su 1 148962 3 32821 855 8 11 4001 0 0 1 35 126 0 0

[11:58:34] [SEND] walk 12 45 0 12
[11:58:34] [SEND] walk 11 46 0 12
[11:58:36] [RECV] eff 1 148962 15

[11:58:36] [RECV] su 1 148962 3 32821 855 8 11 4001 0 0 1 34 131 0 0

[11:58:37] [SEND] walk 11 43 0 12
[11:58:37] [SEND] walk 11 45 0 12
[11:58:37] [RECV] eff 1 148962 15

[11:58:37] [RECV] su 1 148962 3 32821 855 8 11 4001 0 0 1 34 130 0 0

[11:58:38] [SEND] walk 12 41 0 12
[11:58:38] [RECV] su 3 32821 3 32821 430 20 12 1076 0 0 1 34 0 -1 0

[11:58:38] [SEND] walk 11 44 1 12
[11:58:38] [RECV] eff 3 32821 824

[11:58:38] [RECV] eff 3 32821 826

[11:58:38] [RECV] eff 1 148962 15

[11:58:38] [RECV] su 1 148962 3 32821 855 8 11 4001 0 0 1 23 13003 0 0

[11:58:40] [RECV] eff 1 148962 15

[11:58:40] [RECV] su 1 148962 3 32821 855 8 11 4001 0 0 1 13 12568 0 0

[11:58:40] [RECV] su 2 32820 2 32820 434 0 12 1071 0 0 1 100 0 -2 0

[11:58:40] [RECV] su 2 32820 3 32825 434 0 12 1071 0 0 1 1 1088 5 0

[11:58:41] [RECV] eff 1 148962 15

[11:58:41] [RECV] su 1 148962 3 32821 857 120 11 4011 0 0 1 1 15481 0 0

[11:58:42] [RECV] eff 1 148962 15

[11:58:42] [RECV] su 1 148962 3 32821 855 8 11 4001 0 0 0 0 14099 0 0

[11:58:43] [RECV] eff 3 32825 826

[11:58:44] [RECV] out 3 32828

[11:58:44] [RECV] out 3 32825

[11:58:44] [RECV] rsfn 2 8 0

[11:58:44] [RECV] evnt 3 1 -1 -1

[11:58:44] [RECV] msg 1 Tu as réussi la mission éclair.

[11:58:44] [RECV] minfo 0 0 266.1/1 -1.0/0 -1/0 -1.0/0 0 2 0

[11:58:44] [RECV] msg 0 Nouvel objectif de mission !

[11:58:44] [RECV] npc_req 1 148962 6313

[11:58:44] [RECV] evnt 10 0 -1 -1

[11:58:49] [RECV] minfo 0 0 266.1/1 -1.0/0 -1/0 -1.0/0 0 2 0

[11:58:49] [RECV] msg 0 Nouvel objectif de mission !

[11:58:49] [RECV] evnt 10 0 -1 -1

[11:58:49] [RECV] rsfm 63 1 3 11

[11:58:53] [RECV] msg 0 Tu ne peux plus accepter aucune autre quête.

[11:58:58] [RECV] evnt 10 0 -1 -1
