[13:42:17] [RECV] rbr 24.0.0 4 15 34.99 3 164.1 170.1 176.1 -1.0 -1.0 2047.15 -1.0 2133.1 1087.1 -1.0 1081.Sankara 0 0 La lutte pour FernonKorrkoaren a conquis le Temple Fernon au terme d'une bataille féroce. Ce n'est plus une simple grève, c'est la guerre ! Les gardes de NosVille essaient de retenir les Kovolts, mais ils ne tiendront pas longtemps. Va vite les aider !

[13:42:19] [RECV] at 148962 4202 11 10 2 0 51 2 -1

[13:42:19] [RECV] rsfn 0 8 0

[13:42:19] [RECV] rsfn 1 8 1

[13:42:19] [RECV] rsfn 2 8 1

[13:42:19] [RECV] rsfn 3 8 1

[13:42:19] [RECV] evnt 1 -1 4000 4000

[13:42:19] [RECV] in 2 319 128179 12 10 2 100 100 0 0 3 148962 1 0 1102 Kliff 1 0 0 0 0 0 0 0 0 0

[13:42:19] [RECV] in 2 838 128192 11 12 2 100 100 0 0 3 148962 1 0 -1 Ratufu^de^la^Navy 2 -1 0 0 0 0 0 0 0 0

[13:42:19] [RECV] rsfm 24 0 4 9

[13:42:19] [RECV] evnt 1 -1 4000 4000

[13:42:19] [RECV] minfo 0 1 -1.0/0 -1.0/0 -1/0 -1.0/0 0 2 0

[13:42:19] [RECV] msg 0 La mission commence dès que tu entres dans la première pièce.

[13:42:20] [RECV] gp 28 15 20118 0 1 0

[13:42:20] [RECV] in 2 838 128192 11 12 2 100 100 0 0 3 148962 1 0 -1 Ratufu^de^la^Navy 2 -1 0 0 0 0 0 0 0 0

[13:42:20] [RECV] in 2 319 128179 12 10 2 100 100 0 0 3 148962 1 0 1102 Kliff 1 0 0 0 0 0 0 0 0 0

[13:42:20] [SEND] walk 16 10 0 14
[13:42:21] [SEND] walk 20 10 0 14
[13:42:22] [SEND] walk 24 12 0 14
[13:42:23] [SEND] walk 27 15 0 14
[13:42:23] [SEND] preq
[13:42:25] [RECV] rsfn 0 8 0

[13:42:25] [RECV] at 148962 2100 9 36 2 0 50 2 -1

[13:42:25] [RECV] npc_req 1 148962 6119

[13:42:25] [RECV] evnt 1 0 4000 4000

[13:42:25] [RECV] in 2 319 128179 9 34 2 100 100 0 0 3 148962 1 0 1102 Kliff 1 0 0 0 0 0 0 0 0 0

[13:42:25] [RECV] in 2 838 128192 9 35 2 100 100 0 0 3 148962 1 0 -1 Ratufu^de^la^Navy 2 -1 0 0 0 0 0 0 0 0

[13:42:25] [RECV] gp 58 37 20119 1 1 0

[13:42:25] [RECV] gp 9 36 20103 1 3 0

[13:42:25] [RECV] in 2 310 133591 22 40 5 100 100 0 0 0 -1 1 0 -1 - 2 -1 0 0 0 0 0 0 0 0

[13:42:25] [RECV] in 2 310 133590 22 37 7 100 100 0 0 0 -1 1 0 -1 - 2 -1 0 0 0 0 0 0 0 0

[13:42:25] [RECV] in 2 310 133589 22 34 2 100 100 0 0 0 -1 1 0 -1 - 2 -1 0 0 0 0 0 0 0 0

[13:42:25] [RECV] in 2 310 133588 22 31 6 100 100 0 0 0 -1 1 0 -1 - 2 -1 0 0 0 0 0 0 0 0

[13:42:25] [RECV] in 2 310 133587 22 27 6 100 100 0 0 0 -1 1 0 -1 - 2 -1 0 0 0 0 0 0 0 0

[13:42:25] [RECV] in 2 310 133586 22 24 4 100 100 0 0 0 -1 1 0 -1 - 2 -1 0 0 0 0 0 0 0 0

[13:42:25] [RECV] in 2 310 133585 22 20 4 100 100 0 0 0 -1 1 0 -1 - 2 -1 0 0 0 0 0 0 0 0

[13:42:25] [RECV] in 2 312 133584 19 21 4 100 100 0 0 0 -1 1 0 -1 - 2 -1 0 0 0 0 0 0 0 0

[13:42:25] [RECV] in 2 312 133583 18 45 0 100 100 0 0 0 -1 1 0 -1 - 2 -1 0 0 0 0 0 0 0 0

[13:42:25] [RECV] in 2 312 133582 18 41 2 100 100 0 0 0 -1 1 0 -1 - 2 -1 0 0 0 0 0 0 0 0

[13:42:25] [RECV] in 2 838 128192 9 35 2 100 100 0 0 3 148962 1 0 -1 Ratufu^de^la^Navy 2 -1 0 0 0 0 0 0 0 0

[13:42:25] [RECV] in 2 319 128179 9 34 2 100 100 0 0 3 148962 1 0 1102 Kliff 1 0 0 0 0 0 0 0 0 0

[13:42:25] [RECV] in 9 1042 616020 42 56 1 0 0 0

[13:42:25] [RECV] in 9 1001 616019 36 13 1 0 0 0

[13:42:25] [RECV] in 9 1001 616018 34 13 1 0 0 0

[13:42:26] [RECV] evnt 1 0 4000 4000

[13:42:26] [SEND] walk 13 38 0 14
[13:42:27] [SEND] walk 17 37 0 14
[13:42:27] [RECV] gp 58 37 20119 1 1 0

[13:42:27] [RECV] gp 9 36 20103 1 3 0

[13:42:27] [RECV] in 3 112 133602 39 29 6 100 100 0 0 0 -1 1 0 -1 - 2 -1 0 0 0 0 0 0 0 0

[13:42:27] [RECV] in 3 20 133601 34 51 3 100 100 0 0 0 -1 1 0 -1 - 2 -1 0 0 0 0 0 0 0 0

[13:42:27] [RECV] in 3 20 133600 34 47 6 100 100 0 0 0 -1 1 0 -1 - 2 -1 0 0 0 0 0 0 0 0

[13:42:27] [RECV] in 3 20 133599 34 44 0 100 100 0 0 0 -1 1 0 -1 - 2 -1 0 0 0 0 0 0 0 0

[13:42:27] [RECV] in 3 20 133598 34 39 6 100 100 0 0 0 -1 1 0 -1 - 2 -1 0 0 0 0 0 0 0 0

[13:42:27] [RECV] in 3 20 133597 34 35 3 100 100 0 0 0 -1 1 0 -1 - 2 -1 0 0 0 0 0 0 0 0

[13:42:27] [RECV] in 3 20 133596 34 32 2 100 100 0 0 0 -1 1 0 -1 - 2 -1 0 0 0 0 0 0 0 0

[13:42:27] [RECV] in 3 20 133595 34 29 5 100 100 0 0 0 -1 1 0 -1 - 2 -1 0 0 0 0 0 0 0 0

[13:42:27] [RECV] in 3 20 133594 34 25 4 100 100 0 0 0 -1 1 0 -1 - 2 -1 0 0 0 0 0 0 0 0

[13:42:27] [RECV] in 3 20 133593 34 22 6 100 100 0 0 0 -1 1 0 -1 - 2 -1 0 0 0 0 0 0 0 0

[13:42:27] [RECV] in 3 20 133592 34 19 1 100 100 0 0 0 -1 1 0 -1 - 2 -1 0 0 0 0 0 0 0 0

[13:42:27] [RECV] in 2 310 133591 22 40 5 100 100 0 0 0 -1 1 0 -1 - 2 -1 0 0 0 0 0 0 0 0

[13:42:27] [RECV] in 2 310 133590 22 37 7 100 100 0 0 0 -1 1 0 -1 - 2 -1 0 0 0 0 0 0 0 0

[13:42:27] [RECV] in 2 310 133589 22 34 2 100 100 0 0 0 -1 1 0 -1 - 2 -1 0 0 0 0 0 0 0 0

[13:42:27] [RECV] in 2 310 133588 22 31 6 100 100 0 0 0 -1 1 0 -1 - 2 -1 0 0 0 0 0 0 0 0

[13:42:27] [RECV] in 2 310 133587 22 27 6 100 100 0 0 0 -1 1 0 -1 - 2 -1 0 0 0 0 0 0 0 0

[13:42:27] [RECV] in 2 310 133586 22 24 4 100 100 0 0 0 -1 1 0 -1 - 2 -1 0 0 0 0 0 0 0 0

[13:42:27] [RECV] in 2 310 133585 22 20 4 100 100 0 0 0 -1 1 0 -1 - 2 -1 0 0 0 0 0 0 0 0

[13:42:27] [RECV] in 2 312 133584 19 21 4 100 100 0 0 0 -1 1 0 -1 - 2 -1 0 0 0 0 0 0 0 0

[13:42:27] [RECV] in 2 312 133583 18 45 0 100 100 0 0 0 -1 1 0 -1 - 2 -1 0 0 0 0 0 0 0 0

[13:42:27] [RECV] in 2 312 133582 18 41 2 100 100 0 0 0 -1 1 0 -1 - 2 -1 0 0 0 0 0 0 0 0

[13:42:27] [RECV] in 2 838 128192 12 36 2 100 100 0 0 3 148962 1 0 -1 Ratufu^de^la^Navy 2 -1 0 0 0 0 0 0 0 0

[13:42:28] [RECV] in 2 319 128179 11 37 2 100 100 0 0 3 148962 1 0 1102 Kliff 1 0 0 0 0 0 0 0 0 0

[13:42:28] [RECV] in 9 1042 616020 42 56 1 0 0 0

[13:42:28] [RECV] in 9 1001 616019 36 13 1 0 0 0

[13:42:28] [RECV] in 9 1001 616018 34 13 1 0 0 0

[13:42:28] [RECV] eff 3 133596 826

[13:42:28] [RECV] eff 3 133596 0

[13:42:28] [RECV] rsfm 24 2 0 0

[13:42:28] [RECV] evnt 3 0 2400 2400

[13:42:28] [RECV] evnt 1 0 3990 4000

[13:42:28] [RECV] in 3 110 133642 26 58 2 100 100 0 0 0 -1 0 0 -1 - 2 -1 0 0 0 0 0 0 0 0

[13:42:28] [RECV] msg 0 Les ennemis reçoivent des renforts !

[13:42:28] [RECV] in 3 110 133643 30 26 2 100 100 0 0 0 -1 0 0 -1 - 2 -1 0 0 0 0 0 0 0 0

[13:42:28] [RECV] msg 0 Les ennemis reçoivent des renforts !

[13:42:28] [RECV] in 3 112 133644 20 49 2 100 100 0 0 0 -1 0 0 -1 - 2 -1 0 0 0 0 0 0 0 0

[13:42:28] [RECV] msg 0 Les ennemis reçoivent des renforts !

[13:42:28] [RECV] in 3 112 133645 14 24 2 100 100 0 0 0 -1 0 0 -1 - 2 -1 0 0 0 0 0 0 0 0

[13:42:28] [RECV] msg 0 Les ennemis reçoivent des renforts !

[13:42:28] [RECV] su 2 133583 3 133644 0 12 11 514 0 0 1 98 27 0 0

[13:42:29] [RECV] su 2 133582 3 133644 0 12 11 514 0 0 1 97 30 0 0

[13:42:29] [RECV] su 3 133644 2 133583 0 12 11 200 0 0 1 100 0 1 0

[13:42:29] [RECV] su 2 133584 3 133645 0 12 11 514 0 0 1 98 37 0 0

[13:42:30] [RECV] su 1 148962 3 133645 855 8 11 4001 0 0 0 0 8976 0 0

[13:42:30] [RECV] su 2 133591 3 133644 0 12 11 200 0 0 1 94 57 0 0

[13:42:31] [RECV] su 1 148962 3 133644 855 8 11 4001 0 0 0 0 8986 0 0

[13:42:31] [RECV] su 3 133643 2 133586 0 12 11 200 0 0 1 95 163 0 0

[13:42:31] [SEND] walk 22 37 0 14
[13:42:32] [SEND] walk 21 37 1 14
[13:42:32] [RECV] su 2 133586 3 133643 0 12 11 200 0 0 1 98 24 0 0

[13:42:32] [RECV] su 2 133584 3 133643 0 12 11 514 0 0 1 94 89 3 0

[13:42:32] [RECV] su 1 148962 3 133602 855 8 11 4001 0 0 0 0 9046 0 0

[13:42:33] [SEND] walk 25 36 1 14
[13:42:34] [SEND] walk 24 37 1 14
[13:42:34] [RECV] su 3 133643 2 133586 0 12 11 200 0 0 1 96 0 1 0

[13:42:34] [RECV] su 3 133594 2 133585 0 12 11 1000 0 0 1 98 63 0 0

[13:42:34] [RECV] su 1 148962 3 133643 855 8 11 4001 0 0 0 0 9703 0 0

[13:42:34] [RECV] su 2 133585 2 133585 0 12 11 200 0 0 1 98 0 2 0

[13:42:36] [SEND] walk 24 41 0 14
[13:42:36] [SEND] walk 25 42 1 14
[13:42:36] [RECV] su 3 133593 2 133585 0 12 11 1000 0 0 1 97 51 0 0

[13:42:37] [RECV] su 3 133595 2 133586 0 12 11 1000 0 0 1 96 65 0 0

[13:42:37] [RECV] eff 1 148962 15

[13:42:37] [RECV] su 1 148962 3 133601 855 8 11 4001 0 0 0 0 19044 0 0

[13:42:38] [RECV] su 3 133598 2 133586 0 12 11 1000 0 0 1 95 49 0 0

[13:42:38] [RECV] su 3 133594 2 133585 0 12 11 1000 0 0 1 97 64 0 0

[13:42:38] [RECV] su 2 133586 3 133596 0 12 11 200 0 0 1 93 56 0 0

[13:42:38] [RECV] eff 1 148962 6004

[13:42:38] [RECV] su 2 133585 3 133593 0 12 11 200 0 0 1 92 71 0 0

[13:42:38] [RECV] su 3 133596 2 133586 0 12 11 1000 0 0 1 93 61 0 0

[13:42:39] [RECV] eff 1 148962 15

[13:42:39] [RECV] su 1 148962 3 133599 855 8 11 4001 0 0 0 0 18651 0 0

[13:42:39] [RECV] su 3 133593 2 133585 0 12 11 1000 0 0 1 96 77 0 0

[13:42:39] [RECV] su 2 133589 3 133595 0 12 11 200 0 0 1 94 53 0 0

[13:42:39] [RECV] eff 1 148962 6004

[13:42:40] [RECV] eff 1 148962 15

[13:42:40] [RECV] su 1 148962 3 133600 855 8 11 4001 0 0 0 0 18919 0 0

[13:42:40] [SEND] walk 26 37 0 14
[13:42:40] [RECV] su 3 133598 2 133586 0 12 11 1000 0 0 1 93 64 0 0

[13:42:40] [SEND] walk 25 41 0 14
[13:42:41] [RECV] eff 1 148962 6004

[13:42:41] [RECV] su 3 133595 2 133589 0 12 11 1000 0 0 1 98 60 0 0

[13:42:41] [RECV] su 1 148962 3 133598 855 8 11 4001 0 0 0 0 11511 0 0

[13:42:41] [SEND] walk 25 36 1 14
[13:42:41] [SEND] walk 25 35 0 14
[13:42:42] [RECV] su 3 133597 2 133586 0 12 11 1000 0 0 1 93 28 0 0

[13:42:42] [RECV] su 2 133586 3 133596 0 12 11 200 0 0 1 79 138 3 0

[13:42:42] [RECV] su 2 133585 3 133593 0 12 11 200 0 0 1 81 97 0 0

[13:42:42] [SEND] walk 25 40 0 14
[13:42:42] [RECV] eff 1 148962 6004

[13:42:42] [RECV] su 3 133594 2 133585 0 12 11 1000 0 0 1 95 56 0 0

[13:42:42] [RECV] su 2 133589 3 133595 0 12 11 200 0 0 1 84 89 0 0

[13:42:42] [RECV] su 2 133588 3 133596 0 12 11 200 0 0 1 73 55 0 0

[13:42:42] [RECV] eff 1 148962 15

[13:42:42] [RECV] su 1 148962 3 133597 855 8 11 4001 0 0 0 0 19479 0 0

[13:42:43] [RECV] su 2 133582 2 133582 0 12 11 514 0 0 1 100 0 2 0

[13:42:43] [SEND] walk 25 35 0 14
[13:42:43] [RECV] su 3 133593 2 133585 0 12 11 1000 0 0 1 93 64 0 0

[13:42:43] [SEND] walk 25 39 1 14
[13:42:43] [RECV] eff 1 148962 6004

[13:42:43] [RECV] eff 1 148962 15

[13:42:43] [RECV] su 1 148962 3 133596 855 8 11 4001 0 0 0 0 19810 0 0

[13:42:44] [SEND] walk 25 34 0 13
[13:42:44] [RECV] eff 1 148962 6004

[13:42:44] [SEND] walk 25 37 0 14
[13:42:44] [RECV] eff_t 2 128192 1 148962 4766

[13:42:44] [RECV] su 3 133595 2 133589 0 12 11 1000 0 0 1 98 61 0 0

[13:42:44] [RECV] su 2 133586 3 133595 0 12 11 200 0 0 1 75 90 0 0

[13:42:45] [RECV] su 3 133592 2 133585 0 12 11 1000 0 0 1 92 75 0 0

[13:42:45] [RECV] eff 1 148962 15

[13:42:45] [RECV] su 1 148962 3 133595 855 8 11 4001 0 0 0 0 18997 0 0

[13:42:45] [RECV] su 2 133589 2 133589 0 12 11 200 0 0 1 98 0 2 0

[13:42:45] [SEND] walk 25 32 0 14
[13:42:45] [RECV] eff 1 148962 6004

[13:42:46] [RECV] su 2 133585 3 133593 0 12 11 200 0 0 1 72 92 0 0

[13:42:46] [SEND] walk 27 28 1 14
[13:42:46] [SEND] walk 25 31 0 14
[13:42:46] [RECV] su 3 133594 2 133585 0 12 11 1000 0 0 1 92 56 0 0

[13:42:47] [RECV] su 3 133593 2 133585 0 12 11 1000 0 0 1 91 25 0 0

[13:42:47] [RECV] eff 1 148962 15

[13:42:47] [RECV] su 1 148962 3 133594 855 8 11 4001 0 0 0 0 19831 0 0

[13:42:47] [SEND] walk 26 26 1 14
[13:42:47] [RECV] eff 1 148962 6004

[13:42:47] [SEND] walk 26 25 0 14
[13:42:48] [RECV] su 3 133592 2 133585 0 12 11 1000 0 0 1 90 68 0 0

[13:42:48] [RECV] su 2 133589 3 133593 0 12 11 200 0 0 1 65 65 0 0

[13:42:48] [SEND] walk 27 24 0 14
[13:42:49] [RECV] su 2 133585 3 133593 0 12 11 200 0 0 1 58 62 0 0

[13:42:49] [RECV] su 1 148962 3 133593 855 8 11 4001 0 0 0 0 11415 0 0

[13:42:49] [RECV] su 2 133582 2 133582 0 12 11 514 0 0 1 100 0 2 0

[13:42:49] [SEND] walk 28 20 0 14
[13:42:50] [SEND] walk 27 23 0 14
[13:42:50] [RECV] eff 1 148962 6004

[13:42:50] [RECV] eff 1 148962 15

[13:42:50] [RECV] su 1 148962 3 133592 855 8 11 4001 0 0 0 0 19775 0 0

[13:42:51] [RECV] su 2 133588 2 133588 0 12 11 200 0 0 1 100 0 2 0

[13:42:51] [RECV] eff 1 148962 6004

[13:42:51] [SEND] walk 29 19 0 14
[13:42:52] [SEND] walk 32 15 0 14
[13:42:53] [SEND] walk 33 14 0 14
[13:42:56] [RECV] eff_g  194 9999 34 13 0

[13:42:56] [RECV] msg 0 Tu as reçu un objet : Grande potion de mana

[13:42:56] [SEND] walk 33 19 1 14
[13:42:57] [RECV] in 3 110 133708 27 48 3 100 100 0 0 0 -1 0 0 -1 - 2 -1 0 0 0 0 0 0 0 0

[13:42:57] [RECV] msg 0 Les ennemis reçoivent des renforts !

[13:42:57] [RECV] in 3 110 133709 11 58 6 100 100 0 0 0 -1 0 0 -1 - 2 -1 0 0 0 0 0 0 0 0

[13:42:57] [RECV] msg 0 Les ennemis reçoivent des renforts !

[13:42:57] [RECV] in 3 112 133710 24 44 3 100 100 0 0 0 -1 0 0 -1 - 2 -1 0 0 0 0 0 0 0 0

[13:42:57] [RECV] msg 0 Les ennemis reçoivent des renforts !

[13:42:57] [RECV] in 3 112 133711 56 31 4 100 100 0 0 0 -1 0 0 -1 - 2 -1 0 0 0 0 0 0 0 0

[13:42:57] [RECV] msg 0 Les ennemis reçoivent des renforts !

[13:42:57] [SEND] walk 30 23 0 14
[13:42:58] [SEND] walk 29 28 0 14
[13:42:59] [SEND] walk 29 33 0 14
[13:43:00] [RECV] su 3 133710 2 133591 0 12 11 200 0 0 1 97 109 0 0

[13:43:00] [RECV] su 2 133590 3 133710 0 12 11 200 0 0 1 96 62 0 0

[13:43:00] [RECV] su 2 133583 3 133709 0 12 11 514 0 0 1 100 0 4 0

[13:43:00] [RECV] eff 1 148962 15

[13:43:00] [RECV] su 1 148962 3 133710 855 8 11 4001 0 0 0 0 16003 0 0

[13:43:01] [SEND] walk 29 38 1 14
[13:43:01] [SEND] walk 29 37 0 14
[13:43:02] [RECV] su 1 148962 3 133708 855 8 11 4001 0 0 0 0 9604 0 0

[13:43:03] [SEND] walk 27 41 0 14
[13:43:03] [RECV] su 2 133583 3 133709 0 12 11 514 0 0 1 97 40 0 0

[13:43:03] [RECV] su 3 133709 2 133583 0 12 11 200 0 0 1 97 89 0 0

[13:43:04] [SEND] walk 24 44 0 14
[13:43:04] [SEND] walk 21 47 0 14
[13:43:05] [SEND] walk 22 46 0 14
[13:43:05] [RECV] su 1 148962 3 133709 855 8 11 4001 0 0 0 0 9840 0 0

[13:43:06] [SEND] walk 27 46 1 14
[13:43:06] [SEND] walk 24 46 1 14
[13:43:06] [RECV] su 1 148962 3 133642 855 8 11 4001 0 0 0 0 9794 0 0

[13:43:07] [SEND] walk 29 46 0 14
[13:43:08] [SEND] walk 34 46 0 14
[13:43:09] [SEND] walk 37 44 0 14
[13:43:10] [SEND] walk 40 41 0 14
[13:43:10] [SEND] walk 41 40 0 14
[13:43:11] [SEND] walk 46 40 0 14
[13:43:11] [SEND] walk 47 40 0 14
[13:43:12] [SEND] walk 50 38 1 14
[13:43:13] [RECV] su 1 148962 3 133711 855 8 11 4001 0 0 0 0 9270 0 0

[13:43:13] [SEND] walk 45 38 0 14
[13:43:14] [SEND] walk 42 35 0 14
[13:43:14] [RECV] rsfn 1 8 0

[13:43:14] [SEND] walk 44 42 0 14
[13:43:15] [SEND] walk 44 47 1 14
[13:43:16] [SEND] walk 44 51 0 14
[13:43:17] [SEND] walk 43 55 0 14
[13:43:20] [RECV] eff_g  194 9999 42 56 0

[13:43:20] [RECV] msg 0 Le coffre est vide.

[13:43:20] [SEND] walk 43 50 0 14
[13:43:21] [SEND] walk 42 45 0 14
[13:43:22] [SEND] walk 39 42 0 14
[13:43:23] [SEND] walk 36 39 0 14
[13:43:24] [SEND] walk 34 37 0 14
[13:43:28] [RECV] in 3 110 133772 47 47 4 100 100 0 0 0 -1 0 0 -1 - 2 -1 0 0 0 0 0 0 0 0

[13:43:28] [RECV] msg 0 Les ennemis reçoivent des renforts !

[13:43:28] [RECV] in 3 110 133773 56 32 2 100 100 0 0 0 -1 0 0 -1 - 2 -1 0 0 0 0 0 0 0 0

[13:43:28] [RECV] msg 0 Les ennemis reçoivent des renforts !

[13:43:28] [RECV] in 3 112 133774 22 41 0 100 100 0 0 0 -1 0 0 -1 - 2 -1 0 0 0 0 0 0 0 0

[13:43:28] [RECV] msg 0 Les ennemis reçoivent des renforts !

[13:43:28] [RECV] in 3 112 133775 45 58 7 100 100 0 0 0 -1 0 0 -1 - 2 -1 0 0 0 0 0 0 0 0

[13:43:28] [RECV] msg 0 Les ennemis reçoivent des renforts !

[13:43:28] [RECV] in 3 113 133776 47 33 3 100 100 0 0 0 -1 0 0 -1 - 2 -1 0 0 0 0 0 0 0 0

[13:43:28] [RECV] msg 0 Les ennemis reçoivent des renforts !

[13:43:29] [RECV] su 1 148962 3 133774 855 8 11 4001 0 0 0 0 9009 0 0

[13:43:30] [RECV] su 2 133582 3 133776 0 12 11 514 0 0 1 97 49 0 0

[13:43:31] [RECV] eff 1 148962 15

[13:43:31] [RECV] su 1 148962 3 133776 855 8 11 4001 0 0 0 0 15663 0 0

[13:43:32] [RECV] su 1 148962 3 133772 855 8 11 4001 0 0 0 0 9661 0 0

[13:43:32] [SEND] walk 39 36 0 14
[13:43:33] [SEND] walk 42 33 0 14
[13:43:34] [SEND] walk 43 33 1 14
[13:43:35] [RECV] eff 1 148962 15

[13:43:35] [RECV] su 1 148962 3 133773 855 8 11 4001 0 0 0 0 16618 0 0

[13:43:35] [SEND] walk 38 33 0 14
[13:43:36] [SEND] walk 34 32 0 14
[13:43:37] [SEND] walk 31 29 0 14
[13:43:57] [RECV] in 3 110 133809 31 18 7 100 100 0 0 0 -1 0 0 -1 - 2 -1 0 0 0 0 0 0 0 0

[13:43:58] [RECV] msg 0 Les ennemis reçoivent des renforts !

[13:43:58] [RECV] in 3 110 133810 32 50 7 100 100 0 0 0 -1 0 0 -1 - 2 -1 0 0 0 0 0 0 0 0

[13:43:58] [RECV] msg 0 Les ennemis reçoivent des renforts !

[13:43:58] [RECV] in 3 112 133811 20 34 1 100 100 0 0 0 -1 0 0 -1 - 2 -1 0 0 0 0 0 0 0 0

[13:43:58] [RECV] msg 0 Les ennemis reçoivent des renforts !

[13:43:58] [RECV] in 3 112 133812 21 38 5 100 100 0 0 0 -1 0 0 -1 - 2 -1 0 0 0 0 0 0 0 0

[13:43:58] [RECV] msg 0 Les ennemis reçoivent des renforts !

[13:43:58] [RECV] in 3 113 133813 47 33 0 100 100 0 0 0 -1 0 0 -1 - 2 -1 0 0 0 0 0 0 0 0

[13:43:58] [RECV] msg 0 Les ennemis reçoivent des renforts !

[13:43:58] [RECV] su 2 133588 3 133809 0 12 11 200 0 0 1 99 4 0 0

[13:43:58] [RECV] su 2 133584 3 133811 0 12 11 514 0 0 1 97 43 0 0

[13:43:59] [RECV] eff 1 148962 15

[13:43:59] [RECV] su 1 148962 3 133809 855 8 11 4001 0 0 0 0 16075 0 0

[13:43:59] [RECV] su 3 133812 2 133591 0 12 11 200 0 0 1 96 115 0 0

[13:43:59] [RECV] su 2 133591 3 133812 0 12 11 200 0 0 1 97 43 0 0

[13:44:00] [RECV] su 3 133811 2 133584 0 12 11 200 0 0 1 95 123 0 0

[13:44:00] [RECV] su 2 133582 3 133813 0 12 11 514 0 0 1 100 0 4 0

[13:44:00] [RECV] su 2 133585 3 133812 0 12 11 200 0 0 1 96 27 0 0

[13:44:00] [RECV] eff 1 148962 15

[13:44:00] [RECV] su 1 148962 3 133811 855 8 11 4001 0 0 0 0 16146 0 0

[13:44:01] [RECV] su 3 133813 2 133582 0 12 11 200 0 0 1 95 128 0 0

[13:44:01] [SEND] walk 30 34 1 14
[13:44:01] [SEND] walk 31 30 1 14
[13:44:01] [RECV] su 1 148962 3 133812 855 8 11 4001 0 0 0 0 8974 0 0

[13:44:02] [SEND] walk 28 33 1 14
[13:44:03] [SEND] walk 25 36 1 14
[13:44:03] [RECV] su 3 133813 2 133582 0 12 11 200 0 0 1 91 149 0 0

[13:44:04] [SEND] walk 25 41 0 14
[13:44:05] [RECV] su 2 133582 3 133813 0 12 11 514 0 0 1 98 38 0 0

[13:44:05] [RECV] su 1 148962 3 133810 855 8 11 4001 0 0 0 0 9711 0 0

[13:44:05] [SEND] walk 30 41 0 14
[13:44:06] [RECV] su 3 133813 2 133582 0 12 11 200 0 0 1 90 107 0 0

[13:44:06] [SEND] walk 35 41 1 14
[13:44:07] [SEND] walk 34 41 0 14
[13:44:07] [RECV] su 2 133582 3 133813 0 12 11 514 0 0 1 97 19 0 0

[13:44:07] [RECV] su 1 148962 3 133813 855 8 11 4001 0 0 0 0 9351 0 0

[13:44:08] [SEND] walk 39 41 0 14
[13:44:09] [RECV] su 1 148962 3 133775 855 8 11 4001 0 0 0 0 9205 0 0

[13:44:10] [RECV] rsfn 1 8 0

[13:44:11] [SEND] walk 36 38 0 14
[13:44:12] [SEND] walk 35 37 0 14
[13:44:28] [RECV] in 3 110 133855 27 13 7 100 100 0 0 0 -1 0 0 -1 - 2 -1 0 0 0 0 0 0 0 0

[13:44:28] [RECV] msg 0 Les ennemis reçoivent des renforts !

[13:44:28] [RECV] in 3 110 133856 16 57 7 100 100 0 0 0 -1 0 0 -1 - 2 -1 0 0 0 0 0 0 0 0

[13:44:28] [RECV] msg 0 Les ennemis reçoivent des renforts !

[13:44:28] [RECV] in 3 112 133857 41 14 0 100 100 0 0 0 -1 0 0 -1 - 2 -1 0 0 0 0 0 0 0 0

[13:44:28] [RECV] msg 0 Les ennemis reçoivent des renforts !

[13:44:28] [RECV] in 3 112 133858 55 32 7 100 100 0 0 0 -1 0 0 -1 - 2 -1 0 0 0 0 0 0 0 0

[13:44:28] [RECV] msg 0 Les ennemis reçoivent des renforts !

[13:44:28] [RECV] in 3 110 133859 43 19 5 100 100 0 0 0 -1 0 0 -1 - 2 -1 0 0 0 0 0 0 0 0

[13:44:28] [RECV] msg 0 Les ennemis reçoivent des renforts !

[13:44:28] [RECV] in 3 113 133860 47 33 7 100 100 0 0 0 -1 0 0 -1 - 2 -1 0 0 0 0 0 0 0 0

[13:44:28] [RECV] msg 0 Les ennemis reçoivent des renforts !

[13:44:28] [RECV] in 3 113 133861 47 46 7 100 100 0 0 0 -1 0 0 -1 - 2 -1 0 0 0 0 0 0 0 0

[13:44:28] [RECV] msg 0 Les ennemis reçoivent des renforts !

[13:44:29] [SEND] walk 35 32 1 14
[13:44:30] [RECV] su 2 133588 3 133859 0 12 11 200 0 0 1 99 5 0 0

[13:44:30] [SEND] walk 34 30 1 14
[13:44:30] [RECV] su 3 133859 2 133588 0 12 11 200 0 0 1 100 0 1 0

[13:44:30] [RECV] su 2 133583 3 133856 0 12 11 514 0 0 1 100 0 4 0

[13:44:31] [SEND] walk 34 25 0 14
[13:44:31] [RECV] su 3 133857 2 133588 0 12 11 200 0 0 1 96 136 0 0

[13:44:31] [RECV] su 2 133589 3 133860 0 12 11 200 0 0 1 97 58 0 0

[13:44:31] [SEND] walk 34 28 0 14
[13:44:32] [RECV] su 3 133860 2 133589 0 12 11 200 0 0 1 96 123 0 0

[13:44:32] [RECV] su 1 148962 3 133857 855 8 11 4001 0 0 0 0 9183 0 0

[13:44:32] [RECV] su 2 133588 3 133859 0 12 11 200 0 0 1 97 34 0 0

[13:44:33] [RECV] su 3 133861 2 133589 0 12 11 200 0 0 1 96 0 1 0

[13:44:33] [RECV] su 2 133582 3 133860 0 12 11 514 0 0 1 94 52 0 0

[13:44:33] [RECV] su 3 133856 2 133583 0 12 11 200 0 0 1 100 0 1 0

[13:44:33] [RECV] su 3 133859 2 133588 0 12 11 200 0 0 1 92 171 0 0

[13:44:33] [RECV] su 1 148962 3 133861 855 8 11 4001 0 0 0 0 9141 0 0

[13:44:34] [SEND] walk 39 28 1 14
[13:44:34] [SEND] walk 35 28 0 14
[13:44:35] [RECV] eff 1 148962 15

[13:44:35] [RECV] su 1 148962 3 133860 855 8 11 4001 0 0 0 0 15566 0 0

[13:44:35] [RECV] su 2 133583 3 133856 0 12 11 514 0 0 1 98 25 0 0

[13:44:36] [RECV] su 2 133591 3 133855 0 12 11 200 0 0 1 97 39 0 0

[13:44:36] [RECV] su 1 148962 3 133859 855 8 11 4001 0 0 0 0 9525 0 0

[13:44:36] [RECV] su 3 133856 2 133583 0 12 11 200 0 0 1 100 0 1 0

[13:44:36] [RECV] su 2 133588 2 133588 0 12 11 200 0 0 1 94 0 2 0

[13:44:37] [SEND] walk 34 28 0 14
[13:44:37] [SEND] walk 33 27 0 14
[13:44:37] [RECV] eff 1 148962 15

[13:44:37] [RECV] su 1 148962 3 133855 855 8 11 4001 0 0 0 0 16831 0 0

[13:44:38] [SEND] walk 32 31 0 14
[13:44:39] [SEND] walk 29 34 0 14
[13:44:39] [RECV] su 3 133858 2 133583 0 12 11 200 0 0 1 95 130 0 0

[13:44:39] [RECV] su 2 133583 3 133856 0 12 11 514 0 0 1 96 38 0 0

[13:44:40] [SEND] walk 26 37 0 14
[13:44:40] [RECV] su 3 133856 2 133583 0 12 11 200 0 0 1 93 105 0 0

[13:44:40] [SEND] walk 23 40 0 14
[13:44:41] [RECV] su 1 148962 3 133858 855 8 11 4001 0 0 0 0 9458 0 0

[13:44:41] [RECV] eff 1 148962 15

[13:44:41] [RECV] su 1 148962 3 133856 855 8 11 4001 0 0 0 0 16797 5 0

[13:44:42] [RECV] su 2 133583 2 133583 0 12 11 514 0 0 1 94 0 2 0

[13:44:43] [RECV] rsfn 1 8 0

[13:44:43] [RECV] rsfn 1 8 0

[13:44:43] [SEND] walk 27 39 0 14
[13:44:44] [SEND] walk 29 37 0 14
[13:44:58] [RECV] in 3 110 133888 27 43 7 100 100 0 0 0 -1 0 0 -1 - 2 -1 0 0 0 0 0 0 0 0

[13:44:58] [RECV] msg 0 Les ennemis reçoivent des renforts !

[13:44:58] [RECV] in 3 110 133889 40 23 0 100 100 0 0 0 -1 0 0 -1 - 2 -1 0 0 0 0 0 0 0 0

[13:44:58] [RECV] msg 0 Les ennemis reçoivent des renforts !

[13:44:58] [RECV] in 3 112 133890 26 20 2 100 100 0 0 0 -1 0 0 -1 - 2 -1 0 0 0 0 0 0 0 0

[13:44:58] [RECV] msg 0 Les ennemis reçoivent des renforts !

[13:44:58] [RECV] in 3 112 133891 57 12 5 100 100 0 0 0 -1 0 0 -1 - 2 -1 0 0 0 0 0 0 0 0

[13:44:58] [RECV] msg 0 Les ennemis reçoivent des renforts !

[13:44:58] [RECV] in 3 110 133892 43 19 2 100 100 0 0 0 -1 0 0 -1 - 2 -1 0 0 0 0 0 0 0 0

[13:44:58] [RECV] msg 0 Les ennemis reçoivent des renforts !

[13:44:58] [RECV] in 3 113 133893 47 33 7 100 100 0 0 0 -1 0 0 -1 - 2 -1 0 0 0 0 0 0 0 0

[13:44:58] [RECV] msg 0 Les ennemis reçoivent des renforts !

[13:44:58] [RECV] in 3 113 133894 47 46 7 100 100 0 0 0 -1 0 0 -1 - 2 -1 0 0 0 0 0 0 0 0

[13:44:58] [RECV] msg 0 Les ennemis reçoivent des renforts !

[13:44:58] [RECV] su 2 133582 3 133888 0 12 11 514 0 0 1 100 0 4 0

[13:44:59] [RECV] su 3 133888 2 133582 0 12 11 200 0 0 1 97 87 0 0

[13:45:00] [RECV] su 2 133591 3 133890 0 12 11 200 0 0 1 98 26 0 0

[13:45:00] [RECV] su 2 133584 3 133888 0 12 11 514 0 0 1 97 55 0 0

[13:45:01] [RECV] su 2 133586 3 133890 0 12 11 200 0 0 1 97 35 0 0

[13:45:01] [RECV] su 3 133890 2 133591 0 12 11 200 0 0 1 95 151 0 0

[13:45:01] [RECV] su 2 133582 3 133888 0 12 11 514 0 0 1 94 49 0 0

[13:45:02] [RECV] eff 1 148962 15

[13:45:02] [RECV] su 1 148962 3 133888 855 8 11 4001 0 0 0 0 15814 0 0

[13:45:02] [RECV] su 2 133588 3 133892 0 12 11 200 0 0 1 98 25 0 0

[13:45:02] [RECV] su 2 133591 3 133890 0 12 11 200 0 0 1 95 33 0 0

[13:45:03] [RECV] su 3 133892 2 133588 0 12 11 200 0 0 1 100 0 1 0

[13:45:03] [RECV] su 2 133585 3 133890 0 12 11 200 0 0 1 94 28 0 0

[13:45:03] [RECV] eff 1 148962 15

[13:45:03] [RECV] su 1 148962 3 133893 855 8 11 4001 0 0 0 0 15450 0 0

[13:45:03] [SEND] walk 29 32 1 14
[13:45:04] [RECV] su 2 133586 3 133890 0 12 11 200 0 0 1 92 29 0 0

[13:45:04] [SEND] walk 26 28 0 14
[13:45:05] [SEND] walk 27 29 0 14
[13:45:05] [RECV] su 1 148962 3 133890 855 8 11 4001 0 0 0 0 9359 0 0

[13:45:06] [RECV] su 2 133585 2 133585 0 12 11 200 0 0 1 100 0 2 0

[13:45:06] [SEND] walk 31 28 0 14
[13:45:07] [SEND] walk 36 28 1 14
[13:45:07] [RECV] su 2 133588 3 133892 0 12 11 200 0 0 1 97 21 0 0

[13:45:08] [SEND] walk 39 26 0 14
[13:45:08] [SEND] walk 37 28 0 14
[13:45:08] [RECV] su 1 148962 3 133892 855 8 11 4001 0 0 0 0 9726 0 0

[13:45:09] [RECV] eff 1 148962 15

[13:45:09] [RECV] su 1 148962 3 133889 855 8 11 4001 0 0 0 0 16425 0 0

[13:45:10] [SEND] walk 38 33 0 14
[13:45:10] [SEND] walk 41 29 1 14
[13:45:11] [SEND] walk 44 26 1 14
[13:45:12] [SEND] walk 44 24 0 14
[13:45:12] [SEND] walk 45 23 0 14
[13:45:13] [RECV] su 1 148962 3 133891 855 8 11 4001 0 0 0 0 9490 0 0

[13:45:14] [SEND] walk 45 28 1 14
[13:45:15] [SEND] walk 45 33 0 14
[13:45:16] [SEND] walk 45 35 0 14
[13:45:17] [RECV] eff 1 148962 15

[13:45:17] [RECV] su 1 148962 3 133894 855 8 11 4001 0 0 0 0 16216 0 0

[13:45:18] [SEND] walk 40 35 0 14
[13:45:18] [RECV] rsfn 1 8 0

[13:45:19] [SEND] walk 39 35 0 14
[13:45:28] [RECV] in 3 110 133921 27 36 6 100 100 0 0 0 -1 0 0 -1 - 2 -1 0 0 0 0 0 0 0 0

[13:45:28] [RECV] msg 0 Les ennemis reçoivent des renforts !

[13:45:28] [RECV] in 3 110 133922 49 37 3 100 100 0 0 0 -1 0 0 -1 - 2 -1 0 0 0 0 0 0 0 0

[13:45:28] [RECV] msg 0 Les ennemis reçoivent des renforts !

[13:45:28] [RECV] in 3 112 133923 29 52 5 100 100 0 0 0 -1 0 0 -1 - 2 -1 0 0 0 0 0 0 0 0

[13:45:28] [RECV] msg 0 Les ennemis reçoivent des renforts !

[13:45:28] [RECV] in 3 112 133924 10 49 3 100 100 0 0 0 -1 0 0 -1 - 2 -1 0 0 0 0 0 0 0 0

[13:45:28] [RECV] msg 0 Les ennemis reçoivent des renforts !

[13:45:28] [RECV] in 3 110 133925 43 19 5 100 100 0 0 0 -1 0 0 -1 - 2 -1 0 0 0 0 0 0 0 0

[13:45:28] [RECV] msg 0 Les ennemis reçoivent des renforts !

[13:45:28] [RECV] in 3 113 133926 47 33 7 100 100 0 0 0 -1 0 0 -1 - 2 -1 0 0 0 0 0 0 0 0

[13:45:28] [RECV] msg 0 Les ennemis reçoivent des renforts !

[13:45:28] [RECV] in 3 113 133927 47 46 6 100 100 0 0 0 -1 0 0 -1 - 2 -1 0 0 0 0 0 0 0 0

[13:45:28] [RECV] msg 0 Les ennemis reçoivent des renforts !

[13:45:28] [RECV] su 2 133583 3 133921 0 12 11 514 0 0 1 96 62 0 0

[13:45:30] [RECV] su 2 133584 3 133923 0 12 11 514 0 0 1 97 45 0 0

[13:45:30] [RECV] su 3 133925 2 133588 0 12 11 200 0 0 1 100 0 1 0

[13:45:30] [RECV] su 2 133582 3 133921 0 12 11 514 0 0 1 94 38 0 0

[13:45:31] [RECV] eff 1 148962 15

[13:45:31] [RECV] su 1 148962 3 133926 855 8 11 4001 0 0 0 0 16057 0 0

[13:45:31] [RECV] su 2 133589 3 133927 0 12 11 200 0 0 1 97 46 0 0

[13:45:31] [RECV] su 2 133583 3 133921 0 12 11 514 0 0 1 93 21 0 0

[13:45:31] [RECV] su 2 133588 3 133925 0 12 11 200 0 0 1 97 55 3 0

[13:45:32] [RECV] su 3 133921 2 133583 0 12 11 200 0 0 1 94 160 0 0

[13:45:32] [RECV] eff 1 148962 15

[13:45:32] [RECV] su 1 148962 3 133922 855 8 11 4001 0 0 0 0 16010 0 0

[13:45:32] [RECV] su 3 133927 2 133589 0 12 11 200 0 0 1 96 112 0 0

[13:45:32] [SEND] walk 37 39 1 14
[13:45:33] [RECV] su 2 133590 3 133924 0 12 11 200 0 0 1 98 39 0 0

[13:45:33] [SEND] walk 39 37 1 14
[13:45:33] [RECV] su 2 133584 3 133923 0 12 11 514 0 0 1 95 44 0 0

[13:45:33] [RECV] su 1 148962 3 133927 855 8 11 4001 0 0 0 0 8991 0 0

[13:45:33] [RECV] su 3 133923 2 133584 0 12 11 200 0 0 1 87 387 3 0

[13:45:34] [SEND] walk 34 37 0 14
[13:45:34] [SEND] walk 38 37 0 14
[13:45:34] [RECV] su 3 133925 2 133588 0 12 11 200 0 0 1 95 151 0 0

[13:45:34] [RECV] su 2 133583 3 133921 0 12 11 514 0 0 1 92 19 0 0

[13:45:34] [RECV] su 2 133582 3 133921 0 12 11 514 0 0 1 90 45 0 0

[13:45:34] [RECV] su 3 133921 2 133583 0 12 11 200 0 0 1 91 117 0 0

[13:45:34] [RECV] eff 1 148962 15

[13:45:34] [RECV] su 1 148962 3 133923 855 8 11 4001 0 0 0 0 15685 0 0

[13:45:35] [RECV] su 3 133924 2 133590 0 12 11 200 0 0 1 96 113 0 0

[13:45:35] [SEND] walk 33 37 1 14
[13:45:35] [RECV] su 2 133588 3 133925 0 12 11 200 0 0 1 95 33 0 0

[13:45:36] [RECV] eff 1 148962 15

[13:45:36] [RECV] su 1 148962 3 133921 855 8 11 4001 0 0 0 0 16854 0 0

[13:45:37] [SEND] walk 28 37 0 14
[13:45:37] [RECV] su 2 133590 3 133924 0 12 11 200 0 0 1 95 50 0 0

[13:45:37] [RECV] su 2 133587 3 133924 0 12 11 200 0 0 1 93 49 0 0

[13:45:37] [RECV] su 3 133925 2 133588 0 12 11 200 0 0 1 93 119 0 0

[13:45:38] [SEND] walk 23 37 0 14
[13:45:39] [RECV] su 3 133924 2 133590 0 12 11 200 0 0 1 95 113 0 0

[13:45:39] [RECV] su 2 133588 3 133925 0 12 11 200 0 0 1 94 25 0 0

[13:45:39] [RECV] su 2 133590 3 133924 0 12 11 200 0 0 1 91 46 0 0

[13:45:40] [RECV] su 3 133925 2 133588 0 12 11 200 0 0 1 92 110 0 0

[13:45:40] [RECV] su 2 133583 3 133924 0 12 11 514 0 0 1 88 48 0 0

[13:45:41] [RECV] su 2 133587 3 133924 0 12 11 200 0 0 1 87 30 0 0

[13:45:41] [RECV] su 2 133584 3 133924 0 12 11 514 0 0 1 86 19 0 0

[13:45:41] [RECV] su 1 148962 3 133924 855 8 11 4001 0 0 0 0 9471 0 0

[13:45:41] [SEND] walk 27 34 1 14
[13:45:42] [SEND] walk 29 32 1 14
[13:45:42] [SEND] walk 32 30 0 14
[13:45:42] [RECV] su 3 133925 2 133588 0 12 11 200 0 0 1 89 146 0 0

[13:45:43] [RECV] su 2 133588 3 133925 0 12 11 200 0 0 1 92 40 0 0

[13:45:43] [SEND] walk 35 27 0 14
[13:45:44] [SEND] walk 36 26 0 14
[13:45:45] [RECV] su 1 148962 3 133925 855 8 11 4001 0 0 0 0 9810 0 0

[13:45:46] [RECV] rsfn 1 8 0

[13:45:48] [SEND] walk 35 30 0 14
[13:45:48] [SEND] walk 33 32 0 14
[13:45:58] [RECV] in 3 112 133947 34 50 7 100 100 0 0 0 -1 0 0 -1 - 2 -1 0 0 0 0 0 0 0 0

[13:45:58] [RECV] msg 0 Les ennemis reçoivent des renforts !

[13:45:58] [RECV] in 3 112 133948 16 58 1 100 100 0 0 0 -1 0 0 -1 - 2 -1 0 0 0 0 0 0 0 0

[13:45:58] [RECV] msg 0 Les ennemis reçoivent des renforts !

[13:45:58] [RECV] in 3 110 133949 43 19 7 100 100 0 0 0 -1 0 0 -1 - 2 -1 0 0 0 0 0 0 0 0

[13:45:58] [RECV] msg 0 Les ennemis reçoivent des renforts !

[13:45:58] [RECV] in 3 113 133950 47 33 6 100 100 0 0 0 -1 0 0 -1 - 2 -1 0 0 0 0 0 0 0 0

[13:45:58] [RECV] msg 0 Les ennemis reçoivent des renforts !

[13:45:58] [RECV] in 3 113 133951 47 46 5 100 100 0 0 0 -1 0 0 -1 - 2 -1 0 0 0 0 0 0 0 0

[13:45:58] [RECV] msg 0 Les ennemis reçoivent des renforts !

[13:45:58] [SEND] walk 38 32 1 14
[13:45:59] [RECV] su 2 133584 3 133948 0 12 11 514 0 0 1 98 25 0 0

[13:45:59] [SEND] walk 37 32 0 14
[13:45:59] [RECV] su 3 133948 2 133584 0 12 11 200 0 0 1 99 0 1 0

[13:46:00] [RECV] su 1 148962 3 133950 855 8 11 4001 0 0 0 0 9276 0 0

[13:46:00] [RECV] su 2 133588 3 133949 0 12 11 200 0 0 1 98 37 0 0

[13:46:00] [SEND] walk 37 27 1 14
[13:46:01] [RECV] su 3 133949 2 133588 0 12 11 200 0 0 1 94 156 0 0

[13:46:01] [SEND] walk 38 22 0 14
[13:46:01] [SEND] walk 37 24 1 14
[13:46:02] [RECV] su 1 148962 3 133949 855 8 11 4001 0 0 0 0 9555 0 0

[13:46:02] [SEND] walk 37 29 0 14
[13:46:02] [RECV] su 3 133948 2 133584 0 12 11 200 0 0 1 96 114 0 0

[13:46:03] [RECV] su 2 133589 3 133951 0 12 11 200 0 0 1 100 0 1 0

[13:46:03] [RECV] su 2 133584 3 133948 0 12 11 514 0 0 1 97 30 0 0

[13:46:03] [RECV] su 2 133583 3 133947 0 12 11 514 0 0 1 100 0 4 0

[13:46:03] [RECV] su 2 133582 3 133951 0 12 11 514 0 0 1 98 29 0 0

[13:46:03] [SEND] walk 37 28 0 14
[13:46:04] [RECV] su 1 148962 3 133951 855 8 11 4001 0 0 0 0 9141 0 0

[13:46:04] [SEND] walk 37 33 1 14
[13:46:05] [SEND] walk 35 36 0 14
[13:46:06] [RECV] su 3 133948 2 133584 0 12 11 200 0 0 1 95 96 0 0

[13:46:06] [RECV] su 1 148962 3 133947 855 8 11 4001 0 0 0 0 9497 0 0

[13:46:09] [RECV] su 3 133948 2 133584 0 12 11 200 0 0 1 90 154 0 0

[13:46:09] [RECV] su 2 133584 3 133948 0 12 11 514 0 0 1 95 40 0 0

[13:46:12] [RECV] su 2 133584 3 133948 0 12 11 514 0 0 1 93 41 0 0

[13:46:14] [RECV] su 3 133948 2 133584 0 12 11 200 0 0 1 93 0 1 0

[13:46:15] [RECV] su 2 133584 3 133948 0 12 11 514 0 0 1 92 26 0 0

[13:46:17] [RECV] su 3 133948 2 133584 0 12 11 200 0 0 1 90 137 0 0

[13:46:18] [RECV] su 2 133584 3 133948 0 12 11 514 0 0 1 90 32 0 0

[13:46:21] [RECV] su 2 133584 3 133948 0 12 11 514 0 0 1 89 32 0 0

[13:46:21] [RECV] su 3 133948 2 133584 0 12 11 200 0 0 1 87 143 0 0

[13:46:24] [RECV] su 2 133584 3 133948 0 12 11 514 0 0 1 87 37 0 0

[13:46:24] [RECV] su 3 133948 2 133584 0 12 11 200 0 0 1 85 132 0 0

[13:46:26] [RECV] su 2 133584 3 133948 0 12 11 514 0 0 1 86 18 0 0

[13:46:27] [RECV] gp 58 37 20119 2 1 0

[13:46:27] [RECV] gp 9 36 20103 1 3 0

[13:46:27] [RECV] in 2 310 133591 26 22 5 100 100 0 0 0 -1 1 0 -1 - 2 -1 0 0 0 0 0 0 0 0

[13:46:27] [RECV] in 2 310 133590 11 54 7 100 100 0 0 0 -1 1 0 -1 - 2 -1 0 0 0 0 0 0 0 0

[13:46:27] [RECV] in 2 310 133589 43 42 2 100 100 0 0 0 -1 1 0 -1 - 2 -1 0 0 0 0 0 0 0 0

[13:46:27] [RECV] in 2 310 133588 43 13 6 100 100 0 0 0 -1 1 0 -1 - 2 -1 0 0 0 0 0 0 0 0

[13:46:27] [RECV] in 2 310 133587 17 42 6 100 100 0 0 0 -1 1 0 -1 - 2 -1 0 0 0 0 0 0 0 0

[13:46:27] [RECV] in 2 310 133586 20 27 4 100 100 0 0 0 -1 1 0 -1 - 2 -1 0 0 0 0 0 0 0 0

[13:46:27] [RECV] in 2 310 133585 26 13 4 100 100 0 0 0 -1 1 0 -1 - 2 -1 0 0 0 0 0 0 0 0

[13:46:27] [RECV] in 2 312 133584 13 56 4 86 100 0 0 0 -1 1 0 -1 - 2 -1 0 0 0 0 0 0 0 0

[13:46:27] [RECV] in 2 312 133583 34 46 0 100 100 0 0 0 -1 1 0 -1 - 2 -1 0 0 0 0 0 0 0 0

[13:46:27] [RECV] in 2 312 133582 35 42 2 100 100 0 0 0 -1 1 0 -1 - 2 -1 0 0 0 0 0 0 0 0

[13:46:27] [RECV] in 2 838 128192 29 27 2 100 100 0 0 3 148962 1 0 -1 Ratufu^de^la^Navy 2 -1 0 0 0 0 0 0 0 0

[13:46:27] [RECV] in 2 319 128179 30 28 2 100 100 0 0 3 148962 1 0 1102 Kliff 1 0 0 0 0 0 0 0 0 0

[13:46:27] [RECV] in 9 2003 616542 35 50 1 0 0 148962

[13:46:27] [RECV] in 9 1001 616019 36 13 1 0 0 0

[13:46:27] [RECV] msg 0 Une porte s'est ouverte.

[13:46:27] [RECV] evnt 1 0 1600 4000

[13:46:27] [RECV] npc_req 1 148962 6120

[13:46:27] [RECV] evnt 3 1 -1 -1

[13:46:28] [RECV] out 3 133948

[13:46:28] [RECV] evnt 3 1 -1 -1

[13:46:28] [RECV] evnt 3 1 -1 -1

[13:46:30] [RECV] evnt 1 0 1600 4000

[13:46:30] [SEND] walk 40 36 1 14
[13:46:31] [SEND] walk 43 36 1 14
[13:46:32] [SEND] walk 48 36 0 14
[13:46:33] [SEND] walk 53 36 0 14
[13:46:34] [SEND] walk 57 37 1 14
[13:46:34] [SEND] preq
[13:46:35] [RECV] rsfn 1 8 0

[13:46:35] [RECV] at 148962 2100 9 36 2 0 50 2 -1

[13:46:35] [RECV] npc_req 1 148962 6121

[13:46:35] [RECV] evnt 1 0 1550 4000

[13:46:35] [RECV] in 2 319 128179 11 36 2 100 100 0 0 3 148962 1 0 1102 Kliff 1 0 0 0 0 0 0 0 0 0

[13:46:35] [RECV] in 2 838 128192 11 34 2 100 100 0 0 3 148962 1 0 -1 Ratufu^de^la^Navy 2 -1 0 0 0 0 0 0 0 0

[13:46:35] [RECV] gp 58 37 20120 1 1 0

[13:46:35] [RECV] gp 9 36 20118 1 3 0

[13:46:35] [RECV] in 2 254 133616 39 39 0 100 100 0 0 0 -1 1 0 -1 - 2 -1 0 0 0 0 0 0 0 0

[13:46:35] [RECV] in 2 254 133615 39 35 6 100 100 0 0 0 -1 1 0 -1 - 2 -1 0 0 0 0 0 0 0 0

[13:46:35] [RECV] in 2 254 133614 39 31 2 100 100 0 0 0 -1 1 0 -1 - 2 -1 0 0 0 0 0 0 0 0

[13:46:35] [RECV] in 2 254 133613 39 26 0 100 100 0 0 0 -1 1 0 -1 - 2 -1 0 0 0 0 0 0 0 0

[13:46:35] [RECV] in 2 254 133612 38 43 2 100 100 0 0 0 -1 1 0 -1 - 2 -1 0 0 0 0 0 0 0 0

[13:46:35] [RECV] in 2 254 133611 35 23 1 100 100 0 0 0 -1 1 0 -1 - 2 -1 0 0 0 0 0 0 0 0

[13:46:36] [RECV] in 2 254 133610 33 40 0 100 100 0 0 0 -1 1 0 -1 - 2 -1 0 0 0 0 0 0 0 0

[13:46:36] [RECV] in 2 254 133609 33 25 7 100 100 0 0 0 -1 1 0 -1 - 2 -1 0 0 0 0 0 0 0 0

[13:46:36] [RECV] in 2 254 133608 32 37 5 100 100 0 0 0 -1 1 0 -1 - 2 -1 0 0 0 0 0 0 0 0

[13:46:36] [RECV] in 2 254 133607 32 29 2 100 100 0 0 0 -1 1 0 -1 - 2 -1 0 0 0 0 0 0 0 0

[13:46:36] [RECV] in 2 338 133606 28 26 6 100 100 0 0 0 -1 1 0 -1 - 2 -1 0 0 0 0 0 0 0 0

[13:46:36] [RECV] in 2 338 133605 28 23 4 100 100 0 0 0 -1 1 0 -1 - 2 -1 0 0 0 0 0 0 0 0

[13:46:36] [RECV] in 2 338 133604 27 35 6 100 100 0 0 0 -1 1 0 -1 - 2 -1 0 0 0 0 0 0 0 0

[13:46:36] [RECV] in 2 338 133603 27 31 1 100 100 0 0 0 -1 1 0 -1 - 2 -1 0 0 0 0 0 0 0 0

[13:46:36] [RECV] in 2 838 128192 11 34 2 100 100 0 0 3 148962 1 0 -1 Ratufu^de^la^Navy 2 -1 0 0 0 0 0 0 0 0

[13:46:36] [RECV] in 2 319 128179 11 36 2 100 100 0 0 3 148962 1 0 1102 Kliff 1 0 0 0 0 0 0 0 0 0

[13:46:36] [RECV] in 9 1042 616022 46 56 1 0 0 0

[13:46:36] [RECV] in 9 1042 616021 43 56 1 0 0 0

[13:46:37] [RECV] evnt 1 0 1550 4000

[13:46:38] [RECV] gp 58 37 20120 1 1 0

[13:46:38] [RECV] gp 9 36 20118 1 3 0

[13:46:38] [RECV] in 3 112 133624 37 41 2 100 100 0 0 0 -1 1 0 -1 - 2 -1 0 0 0 0 0 0 0 0

[13:46:38] [RECV] in 3 112 133623 37 38 3 100 100 0 0 0 -1 1 0 -1 - 2 -1 0 0 0 0 0 0 0 0

[13:46:38] [RECV] in 3 112 133622 37 35 0 100 100 0 0 0 -1 1 0 -1 - 2 -1 0 0 0 0 0 0 0 0

[13:46:38] [RECV] in 3 112 133621 37 31 7 100 100 0 0 0 -1 1 0 -1 - 2 -1 0 0 0 0 0 0 0 0

[13:46:38] [RECV] in 3 112 133620 37 27 3 100 100 0 0 0 -1 1 0 -1 - 2 -1 0 0 0 0 0 0 0 0

[13:46:38] [RECV] in 3 110 133619 34 38 1 100 100 0 0 0 -1 1 0 -1 - 2 -1 0 0 0 0 0 0 0 0

[13:46:38] [RECV] in 3 110 133618 34 34 5 100 100 0 0 0 -1 1 0 -1 - 2 -1 0 0 0 0 0 0 0 0

[13:46:38] [RECV] in 3 110 133617 34 29 1 100 100 0 0 0 -1 1 0 -1 - 2 -1 0 0 0 0 0 0 0 0

[13:46:38] [RECV] in 2 254 133616 39 39 0 100 100 0 0 0 -1 1 0 -1 - 2 -1 0 0 0 0 0 0 0 0

[13:46:38] [RECV] in 2 254 133615 39 35 6 100 100 0 0 0 -1 1 0 -1 - 2 -1 0 0 0 0 0 0 0 0

[13:46:38] [RECV] in 2 254 133614 39 31 2 100 100 0 0 0 -1 1 0 -1 - 2 -1 0 0 0 0 0 0 0 0

[13:46:38] [RECV] in 2 254 133613 39 26 0 100 100 0 0 0 -1 1 0 -1 - 2 -1 0 0 0 0 0 0 0 0

[13:46:38] [RECV] in 2 254 133612 38 43 2 100 100 0 0 0 -1 1 0 -1 - 2 -1 0 0 0 0 0 0 0 0

[13:46:38] [RECV] in 2 254 133611 35 23 1 100 100 0 0 0 -1 1 0 -1 - 2 -1 0 0 0 0 0 0 0 0

[13:46:38] [RECV] in 2 254 133610 33 40 0 100 100 0 0 0 -1 1 0 -1 - 2 -1 0 0 0 0 0 0 0 0

[13:46:38] [RECV] in 2 254 133609 33 25 7 100 100 0 0 0 -1 1 0 -1 - 2 -1 0 0 0 0 0 0 0 0

[13:46:38] [RECV] in 2 254 133608 32 37 5 100 100 0 0 0 -1 1 0 -1 - 2 -1 0 0 0 0 0 0 0 0

[13:46:39] [RECV] in 2 254 133607 32 29 2 100 100 0 0 0 -1 1 0 -1 - 2 -1 0 0 0 0 0 0 0 0

[13:46:39] [RECV] in 2 338 133606 28 26 6 100 100 0 0 0 -1 1 0 -1 - 2 -1 0 0 0 0 0 0 0 0

[13:46:39] [RECV] in 2 338 133605 28 23 4 100 100 0 0 0 -1 1 0 -1 - 2 -1 0 0 0 0 0 0 0 0

[13:46:39] [RECV] in 2 338 133604 27 35 6 100 100 0 0 0 -1 1 0 -1 - 2 -1 0 0 0 0 0 0 0 0

[13:46:39] [RECV] in 2 338 133603 27 31 1 100 100 0 0 0 -1 1 0 -1 - 2 -1 0 0 0 0 0 0 0 0

[13:46:39] [RECV] in 2 838 128192 11 34 2 100 100 0 0 3 148962 1 0 -1 Ratufu^de^la^Navy 2 -1 0 0 0 0 0 0 0 0

[13:46:39] [RECV] in 2 319 128179 11 36 2 100 100 0 0 3 148962 1 0 1102 Kliff 1 0 0 0 0 0 0 0 0 0

[13:46:39] [RECV] in 9 1042 616022 46 56 1 0 0 0

[13:46:39] [RECV] in 9 1042 616021 43 56 1 0 0 0

[13:46:39] [RECV] eff 3 133619 826

[13:46:39] [RECV] rsfm 24 2 0 0

[13:46:39] [RECV] evnt 1 0 1540 4000

[13:46:39] [SEND] walk 14 36 0 14
[13:46:39] [RECV] su 3 133621 2 133614 0 12 11 200 0 0 1 100 0 1 0

[13:46:39] [RECV] su 3 133619 2 133608 0 12 11 200 0 0 1 100 0 1 0

[13:46:39] [RECV] su 3 133618 2 133615 0 12 11 200 0 0 1 99 5 0 0

[13:46:39] [RECV] su 2 133614 3 133621 0 12 11 1073 0 0 1 69 629 0 0

[13:46:40] [RECV] su 3 133622 2 133615 0 12 11 200 0 0 1 100 0 1 0

[13:46:40] [RECV] su 2 133608 3 133619 0 12 11 1073 0 0 1 66 647 0 0

[13:46:40] [RECV] su 2 133615 3 133622 0 12 11 1073 0 0 1 73 543 0 0

[13:46:40] [SEND] walk 18 34 1 14
[13:46:40] [RECV] su 3 133617 2 133609 0 12 11 200 0 0 1 99 1 0 0

[13:46:41] [RECV] su 2 133609 3 133617 0 12 11 1073 0 0 1 69 595 0 0

[13:46:41] [SEND] walk 23 35 1 14
[13:46:42] [SEND] walk 26 34 0 14
[13:46:42] [RECV] su 3 133619 2 133608 0 12 11 200 0 0 1 100 0 1 0

[13:46:42] [RECV] su 3 133620 2 133613 0 12 11 200 0 0 1 100 0 1 0

[13:46:42] [RECV] eff 3 133619 826

[13:46:42] [SEND] walk 30 34 1 14
[13:46:42] [RECV] su 2 133613 3 133620 0 12 11 1073 0 0 1 74 522 0 0

[13:46:43] [RECV] su 3 133621 2 133614 0 12 11 200 0 0 1 100 0 1 0

[13:46:43] [RECV] su 3 133618 2 133615 0 12 11 200 0 0 1 100 0 1 0

[13:46:43] [RECV] su 2 133608 3 133619 0 12 11 1073 0 0 1 36 591 0 0

[13:46:43] [RECV] su 2 133615 3 133618 0 12 11 1073 0 0 1 78 415 0 0

[13:46:43] [RECV] su 2 133614 3 133621 0 12 11 1073 0 0 1 44 507 0 0

[13:46:43] [RECV] su 3 133617 2 133609 0 12 11 200 0 0 1 99 1 0 0

[13:46:43] [SEND] walk 35 34 0 14
[13:46:44] [RECV] su 3 133624 2 133608 0 12 11 200 0 0 1 100 0 1 0

[13:46:44] [RECV] su 2 133609 3 133617 0 12 11 1073 0 0 1 34 673 0 0

[13:46:44] [RECV] in 3 106 134002 41 36 2 100 100 0 0 0 -1 0 0 -1 - 2 -1 0 0 0 0 0 0 0 0

[13:46:44] [RECV] in 3 106 134003 39 36 2 100 100 0 0 0 -1 0 0 -1 - 2 -1 0 0 0 0 0 0 0 0

[13:46:44] [RECV] in 3 109 134004 39 35 2 100 100 0 0 0 -1 0 0 -1 - 2 -1 0 0 0 0 0 0 0 0

[13:46:44] [RECV] su 3 133622 3 133622 408 400 12 -1 0 0 1 73 0 -1 0

[13:46:44] [RECV] su 1 148962 3 133624 855 8 11 4001 0 0 0 0 9201 0 0

[13:46:44] [RECV] eff 1 148962 15

[13:46:45] [RECV] su 1 148962 3 133619 855 8 11 4001 0 0 0 0 16602 5 0

[13:46:45] [RECV] eff 3 134004 5000

[13:46:45] [RECV] eff 3 134003 5000

[13:46:45] [RECV] eff 3 133623 826

[13:46:45] [RECV] su 2 133613 3 133620 0 12 11 1073 0 0 1 47 559 0 0

[13:46:45] [RECV] su 3 133621 2 133614 0 12 11 200 0 0 1 99 2 0 0

[13:46:45] [RECV] su 3 133620 2 133614 0 12 11 200 0 0 1 99 0 1 0

[13:46:46] [RECV] su 3 134003 1 148962 0 12 11 201 0 0 1 66 0 4 0

[13:46:46] [RECV] su 3 133623 2 133616 0 12 11 200 0 0 1 100 0 1 0

[13:46:46] [RECV] su 2 133615 3 133618 0 12 11 1073 0 0 1 53 482 0 0

[13:46:46] [RECV] su 2 133614 3 133620 0 12 11 1073 0 0 1 28 390 0 0

[13:46:46] [RECV] eff 1 148962 15

[13:46:46] [RECV] su 1 148962 3 133623 855 8 11 4001 0 0 0 0 16242 0 0

[13:46:46] [RECV] eff 1 148962 15

[13:46:46] [RECV] su 1 148962 3 134003 855 8 11 4001 0 0 0 0 17705 5 0

[13:46:46] [RECV] in 3 110 134005 33 31 4 100 100 0 0 0 -1 0 0 -1 - 2 -1 0 0 0 0 0 0 0 0

[13:46:46] [RECV] in 3 110 134006 35 26 6 100 100 0 0 0 -1 0 0 -1 - 2 -1 0 0 0 0 0 0 0 0

[13:46:46] [RECV] su 1 148962 3 134002 855 8 11 4001 0 0 0 0 10019 5 0

[13:46:46] [RECV] in 3 110 134007 33 35 7 100 100 0 0 0 -1 0 0 -1 - 2 -1 0 0 0 0 0 0 0 0

[13:46:46] [RECV] eff 1 148962 15

[13:46:46] [RECV] su 1 148962 3 133622 855 8 11 4001 0 0 0 0 16077 5 0

[13:46:47] [RECV] in 3 110 134008 35 36 3 100 100 0 0 0 -1 0 0 -1 - 2 -1 0 0 0 0 0 0 0 0

[13:46:47] [RECV] su 3 133617 2 133609 0 12 11 200 0 0 1 100 0 1 0

[13:46:47] [RECV] eff 3 134008 5000

[13:46:47] [RECV] su 2 133616 2 133616 0 12 11 1073 0 0 1 100 0 2 0

[13:46:47] [RECV] eff 3 134005 5000

[13:46:47] [RECV] su 2 133609 3 133617 0 12 11 1073 0 0 1 7 526 0 0

[13:46:47] [RECV] eff 3 133620 826

[13:46:47] [RECV] eff 3 133620 826

[13:46:47] [RECV] su 3 134006 2 133609 0 12 11 200 0 0 1 99 16 0 0

[13:46:47] [RECV] su 3 134004 1 148962 0 12 11 200 0 0 1 66 0 1 0

[13:46:48] [RECV] su 3 133618 2 133615 0 12 11 200 0 0 1 99 2 0 0

[13:46:48] [RECV] su 3 134008 1 148962 0 12 11 200 0 0 1 66 0 1 0

[13:46:48] [RECV] su 3 134005 2 133614 0 12 11 200 0 0 1 100 0 1 0

[13:46:48] [RECV] su 1 148962 3 134004 855 8 11 4001 0 0 0 0 10140 0 0

[13:46:48] [RECV] su 1 148962 3 134008 855 8 11 4001 0 0 0 0 9758 5 0

[13:46:48] [RECV] in 3 110 134009 35 41 3 100 100 0 0 0 -1 0 0 -1 - 2 -1 0 0 0 0 0 0 0 0

[13:46:48] [RECV] in 3 110 134010 36 32 4 100 100 0 0 0 -1 0 0 -1 - 2 -1 0 0 0 0 0 0 0 0

[13:46:48] [RECV] su 3 133621 2 133614 0 12 11 200 0 0 1 100 0 1 0

[13:46:49] [RECV] su 3 134007 2 133608 0 12 11 200 0 0 1 99 4 0 0

[13:46:49] [RECV] su 2 133615 3 133618 0 12 11 1073 0 0 1 19 656 0 0

[13:46:49] [RECV] su 2 133614 3 133620 0 12 11 1073 0 0 1 9 400 0 0

[13:46:49] [RECV] su 3 133617 2 133609 0 12 11 200 0 0 1 100 0 1 0

[13:46:49] [RECV] su 2 133613 3 133620 0 12 11 1073 0 0 0 0 608 0 0

[13:46:49] [RECV] in 3 110 134011 36 28 3 100 100 0 0 0 -1 0 0 -1 - 2 -1 0 0 0 0 0 0 0 0

[13:46:49] [RECV] eff 3 134010 5000

[13:46:49] [RECV] su 2 133608 3 134007 0 12 11 1073 0 0 1 100 0 4 0

[13:46:49] [RECV] su 2 133609 3 133617 0 12 11 1073 0 0 0 0 473 0 0

[13:46:49] [RECV] su 3 134009 2 133610 0 12 11 200 0 0 1 99 1 0 0

[13:46:49] [RECV] su 1 148962 3 133618 855 8 11 4001 0 0 0 0 9467 0 0

[13:46:50] [RECV] su 3 134006 2 133609 0 12 11 200 0 0 1 100 0 1 0

[13:46:50] [RECV] su 2 133610 3 134009 0 12 11 1073 0 0 1 100 0 4 0

[13:46:50] [RECV] su 3 134010 1 148962 0 12 11 200 0 0 1 66 0 1 0

[13:46:51] [RECV] su 1 148962 3 134007 855 8 11 4001 0 0 0 0 9382 0 0

[13:46:51] [RECV] su 3 134005 2 133614 0 12 11 200 0 0 1 100 0 1 0

[13:46:51] [RECV] su 2 133614 3 133621 0 12 11 1073 0 0 1 23 443 0 0

[13:46:51] [SEND] walk 35 31 0 14
[13:46:52] [RECV] su 3 133621 2 133614 0 12 11 200 0 0 1 100 0 1 0

[13:46:52] [RECV] su 2 133609 3 134006 0 12 11 1073 0 0 1 65 673 0 0

[13:46:52] [RECV] su 1 148962 1 148962 864 400 12 4019 0 0 1 66 0 -2 0

[13:46:52] [RECV] su 1 148962 3 134010 864 400 12 4019 0 0 0 0 13337 5 0

[13:46:52] [RECV] su 1 148962 3 134005 864 400 12 4019 0 0 0 0 13281 5 0

[13:46:53] [RECV] eff 1 148962 15

[13:46:53] [RECV] su 1 148962 3 133621 864 400 12 4019 0 0 0 0 20262 5 0

[13:46:53] [RECV] su 3 134006 2 133609 0 12 11 200 0 0 1 100 0 1 0

[13:46:53] [RECV] su 2 133610 3 134009 0 12 11 1073 0 0 1 67 628 0 0

[13:46:53] [RECV] su 3 134009 2 133610 0 12 11 200 0 0 1 100 0 1 0

[13:46:54] [RECV] su 3 134011 2 133615 0 12 11 200 0 0 1 100 0 1 0

[13:46:54] [RECV] eff 1 148962 15

[13:46:54] [RECV] su 1 148962 3 134011 855 8 11 4001 0 0 0 0 16228 0 0

[13:46:55] [RECV] su 2 133609 3 134006 0 12 11 1073 0 0 1 30 674 0 0

[13:46:55] [RECV] su 3 134006 2 133609 0 12 11 200 0 0 1 100 0 1 0

[13:46:55] [RECV] su 2 133610 3 134009 0 12 11 1073 0 0 1 46 412 0 0

[13:46:55] [RECV] eff 1 148962 15

[13:46:56] [RECV] su 1 148962 3 134006 855 8 11 4001 0 0 0 0 16777 0 0

[13:46:56] [RECV] su 3 134009 2 133610 0 12 11 200 0 0 1 99 3 0 0

[13:46:57] [RECV] su 1 148962 3 134009 855 8 11 4001 0 0 0 0 9324 0 0

[13:46:59] [RECV] rsfn 2 8 0

[13:47:00] [RECV] gp 58 37 20120 2 1 0

[13:47:00] [RECV] gp 9 36 20118 1 3 0

[13:47:00] [RECV] in 2 254 133616 39 40 0 100 100 0 0 0 -1 1 0 -1 - 2 -1 0 0 0 0 0 0 0 0

[13:47:00] [RECV] in 2 254 133615 38 30 6 100 100 0 0 0 -1 1 0 -1 - 2 -1 0 0 0 0 0 0 0 0

[13:47:00] [RECV] in 2 254 133614 31 35 2 100 100 0 0 0 -1 1 0 -1 - 2 -1 0 0 0 0 0 0 0 0

[13:47:00] [RECV] in 2 254 133613 37 29 0 100 100 0 0 0 -1 1 0 -1 - 2 -1 0 0 0 0 0 0 0 0

[13:47:00] [RECV] in 2 254 133612 38 43 2 100 100 0 0 0 -1 1 0 -1 - 2 -1 0 0 0 0 0 0 0 0

[13:47:00] [RECV] in 2 254 133611 34 21 1 100 100 0 0 0 -1 1 0 -1 - 2 -1 0 0 0 0 0 0 0 0

[13:47:00] [RECV] in 2 254 133610 32 45 0 100 100 0 0 0 -1 1 0 -1 - 2 -1 0 0 0 0 0 0 0 0

[13:47:00] [RECV] in 2 254 133609 37 28 7 100 100 0 0 0 -1 1 0 -1 - 2 -1 0 0 0 0 0 0 0 0

[13:47:00] [RECV] in 2 254 133608 40 32 5 100 100 0 0 0 -1 1 0 -1 - 2 -1 0 0 0 0 0 0 0 0

[13:47:00] [RECV] in 2 254 133607 29 23 2 100 100 0 0 0 -1 1 0 -1 - 2 -1 0 0 0 0 0 0 0 0

[13:47:00] [RECV] in 2 338 133606 34 24 6 100 100 0 0 0 -1 1 0 -1 - 2 -1 0 0 0 0 0 0 0 0

[13:47:00] [RECV] in 2 338 133605 22 24 4 100 100 0 0 0 -1 1 0 -1 - 2 -1 0 0 0 0 0 0 0 0

[13:47:00] [RECV] in 2 338 133604 29 35 6 100 100 0 0 0 -1 1 0 -1 - 2 -1 0 0 0 0 0 0 0 0

[13:47:01] [RECV] in 2 338 133603 31 38 1 100 100 0 0 0 -1 1 0 -1 - 2 -1 0 0 0 0 0 0 0 0

[13:47:01] [RECV] in 2 838 128192 11 34 2 100 100 0 0 3 148962 1 0 -1 Ratufu^de^la^Navy 2 -1 0 0 0 0 0 0 0 0

[13:47:01] [RECV] in 2 319 128179 11 36 2 100 100 0 0 3 148962 1 0 1102 Kliff 1 0 0 0 0 0 0 0 0 0

[13:47:01] [RECV] in 9 2013 618520 31 43 2 0 0 148962

[13:47:01] [RECV] in 9 1042 616022 46 56 1 0 0 0

[13:47:01] [RECV] in 9 1042 616021 43 56 1 0 0 0

[13:47:01] [RECV] msg 0 Une porte s'est ouverte.

[13:47:01] [RECV] evnt 1 0 1320 4000

[13:47:01] [RECV] msg 0 Les démons infligent aux Kovolts une défaite cuisante !

[13:47:01] [RECV] evnt 3 1 -1 -1

[13:47:01] [RECV] evnt 3 1 -1 -1

[13:47:02] [SEND] walk 40 32 0 14
[13:47:03] [SEND] walk 44 31 0 14
[13:47:04] [SEND] walk 47 33 0 14
[13:47:04] [SEND] walk 51 32 0 14
[13:47:05] [SEND] walk 55 35 0 14
[13:47:06] [SEND] walk 57 37 1 14
[13:47:06] [SEND] preq
[13:47:07] [RECV] rsfn 2 8 0

[13:47:07] [RECV] at 148962 4205 1 15 2 0 51 2 -1

[13:47:07] [RECV] evnt 1 0 1250 4000

[13:47:07] [RECV] in 2 319 128179 2 15 2 100 100 0 0 3 148962 1 0 1102 Kliff 1 0 0 0 0 0 0 0 0 0

[13:47:07] [RECV] in 2 838 128192 1 13 2 100 100 0 0 3 148962 1 0 -1 Ratufu^de^la^Navy 2 -1 0 0 0 0 0 0 0 0

[13:47:07] [RECV] gp 28 15 4997 4 1 0

[13:47:07] [RECV] gp 1 15 20119 0 3 0

[13:47:07] [RECV] in 2 310 133626 13 11 4 100 100 0 0 0 -1 1 0 -1 - 2 -1 0 0 0 0 0 0 0 0

[13:47:07] [RECV] in 2 310 133625 12 19 1 100 100 0 0 0 -1 1 0 -1 - 2 -1 0 0 0 0 0 0 0 0

[13:47:07] [RECV] in 2 838 128192 1 13 2 100 100 0 0 3 148962 1 0 -1 Ratufu^de^la^Navy 2 -1 0 0 0 0 0 0 0 0

[13:47:07] [RECV] in 2 319 128179 2 15 2 100 100 0 0 3 148962 1 0 1102 Kliff 1 0 0 0 0 0 0 0 0 0

[13:47:08] [RECV] npc_req 1 148962 6122

[13:47:10] [RECV] evnt 1 0 1240 4000

[13:47:10] [SEND] walk 6 15 0 14
[13:47:11] [SEND] walk 11 16 0 14
[13:47:11] [SEND] walk 12 15 0 14
[13:47:12] [SEND] walk 17 15 0 14
[13:47:12] [SEND] walk 18 15 0 14
[13:47:13] [SEND] walk 22 15 1 14
[13:47:13] [SEND] walk 25 15 1 14
[13:47:14] [SEND] walk 27 15 0 14
[13:47:15] [SEND] preq
[13:47:15] [RECV] msg 0 Merci de patienter

[13:47:16] [RECV] evnt 10 0 -1 -1

[13:47:16] [RECV] rsfm 24 1 4 9

[13:47:19] [RECV] msg 0 Tu ne peux plus accepter aucune autre quête.

[13:47:38] [RECV] evnt 10 0 -1 -1
