[14:22:31] [RECV] rbr 29.0.0 4 15 39.99 3 2047.5 2039.5 -1.0 -1.0 -1.0 2127.20 -1.0 2131.2 1087.1 -1.0 3276.AnAkRoNoS 0 0 La trahisonLa bataille oppose les deux alliances : d'un côté, la garde de NosVille et les chevaliers de Lord Cuarry, de l'autre, les soldats koarens et kenkos. Mais les Kenkos se comportent de manière particulièrement étrange ce qui déroute complètement les Kovolts. La garde de NosVille et les chevaliers de Lord Cuarry remporteront-ils la victoire ?

[14:22:33] [RECV] at 148962 4202 7 10 2 0 51 2 -1

[14:22:33] [RECV] rsfn 0 7 0

[14:22:33] [RECV] rsfn 1 7 1

[14:22:33] [RECV] rsfn 2 7 1

[14:22:33] [RECV] rsfn 3 7 1

[14:22:33] [RECV] rsfn 4 7 1

[14:22:33] [RECV] evnt 1 -1 2100 2100

[14:22:33] [RECV] rsfm 29 0 5 8

[14:22:33] [RECV] evnt 1 -1 2100 2100

[14:22:33] [RECV] minfo 1 0 -1.0/0 -1.0/0 -1/0 -1.0/0 0 3 0

[14:22:33] [RECV] msg 0 La mission commence dès que tu entres dans la première pièce.

[14:22:34] [RECV] gp 28 15 20007 0 1 0

[14:22:34] [SEND] walk 12 10 1 14
[14:22:35] [SEND] walk 17 11 1 14
[14:22:35] [SEND] walk 18 10 1 14
[14:22:36] [SEND] walk 20 10 0 14
[14:22:36] [SEND] walk 24 12 0 14
[14:22:37] [SEND] walk 27 15 0 14
[14:22:38] [SEND] preq
[14:22:39] [RECV] rsfn 0 7 0

[14:22:39] [RECV] at 148962 4205 1 15 2 0 51 2 -1

[14:22:39] [RECV] msg 0  L'heure de la guerre a sonné !


[14:22:39] [RECV] evnt 1 0 2100 2100

[14:22:40] [RECV] gp 28 15 20008 0 1 0

[14:22:40] [RECV] gp 1 15 20006 0 3 0

[14:22:40] [SEND] walk 6 15 0 14
[14:22:41] [SEND] walk 11 15 0 14
[14:22:41] [SEND] walk 12 15 0 14
[14:22:42] [SEND] walk 17 15 0 14
[14:22:43] [SEND] walk 22 15 1 14
[14:22:44] [SEND] walk 27 15 0 14
[14:22:45] [SEND] preq
[14:22:45] [RECV] rsfn 1 7 0

[14:22:45] [RECV] at 148962 2100 9 36 2 0 50 2 -1

[14:22:45] [RECV] npc_req 1 148962 6131

[14:22:45] [RECV] evnt 1 0 2040 2100

[14:22:45] [RECV] gp 58 37 20009 1 1 0

[14:22:45] [RECV] gp 9 36 20007 1 3 0

[14:22:45] [RECV] in 2 310 43822 45 37 0 100 100 0 0 0 -1 1 0 -1 - 2 -1 0 0 0 0 0 0 0 0

[14:22:45] [RECV] in 2 310 43821 45 30 1 100 100 0 0 0 -1 1 0 -1 - 2 -1 0 0 0 0 0 0 0 0

[14:22:45] [RECV] in 2 310 43820 44 43 7 100 100 0 0 0 -1 1 0 -1 - 2 -1 0 0 0 0 0 0 0 0

[14:22:45] [RECV] in 2 310 43819 43 23 3 100 100 0 0 0 -1 1 0 -1 - 2 -1 0 0 0 0 0 0 0 0

[14:22:45] [RECV] in 2 311 43818 40 39 2 100 100 0 0 0 -1 1 0 -1 - 2 -1 0 0 0 0 0 0 0 0

[14:22:45] [RECV] in 2 311 43817 40 33 5 100 100 0 0 0 -1 1 0 -1 - 2 -1 0 0 0 0 0 0 0 0

[14:22:46] [RECV] in 2 312 43816 38 42 6 100 100 0 0 0 -1 1 0 -1 - 2 -1 0 0 0 0 0 0 0 0

[14:22:46] [RECV] in 2 312 43815 36 28 5 100 100 0 0 0 -1 1 0 -1 - 2 -1 0 0 0 0 0 0 0 0

[14:22:46] [RECV] in 2 312 43814 35 48 7 100 100 0 0 0 -1 1 0 -1 - 2 -1 0 0 0 0 0 0 0 0

[14:22:46] [RECV] in 2 312 43813 35 34 7 100 100 0 0 0 -1 1 0 -1 - 2 -1 0 0 0 0 0 0 0 0

[14:22:46] [RECV] in 2 310 43812 34 26 0 100 100 0 0 0 -1 1 0 -1 - 2 -1 0 0 0 0 0 0 0 0

[14:22:46] [RECV] in 2 311 43811 34 19 6 100 100 0 0 0 -1 1 0 -1 - 2 -1 0 0 0 0 0 0 0 0

[14:22:46] [RECV] in 2 311 43810 33 41 1 100 100 0 0 0 -1 1 0 -1 - 2 -1 0 0 0 0 0 0 0 0

[14:22:46] [RECV] in 2 311 43809 32 47 1 100 100 0 0 0 -1 1 0 -1 - 2 -1 0 0 0 0 0 0 0 0

[14:22:46] [RECV] in 2 311 43808 30 37 5 100 100 0 0 0 -1 1 0 -1 - 2 -1 0 0 0 0 0 0 0 0

[14:22:46] [RECV] in 2 311 43807 30 23 0 100 100 0 0 0 -1 1 0 -1 - 2 -1 0 0 0 0 0 0 0 0

[14:22:46] [RECV] in 2 311 43806 29 33 3 100 100 0 0 0 -1 1 0 -1 - 2 -1 0 0 0 0 0 0 0 0

[14:22:46] [RECV] in 2 311 43805 28 27 0 100 100 0 0 0 -1 1 0 -1 - 2 -1 0 0 0 0 0 0 0 0

[14:22:46] [RECV] in 2 311 43804 23 47 0 100 100 0 0 0 -1 1 0 -1 - 2 -1 0 0 0 0 0 0 0 0

[14:22:46] [RECV] in 2 312 43803 21 35 0 100 100 0 0 0 -1 1 0 -1 - 2 -1 0 0 0 0 0 0 0 0

[14:22:46] [RECV] in 9 1001 54664 46 13 1 0 0 0

[14:22:46] [RECV] in 9 1001 54663 43 12 1 0 0 0

[14:22:46] [RECV] in 9 1001 54662 40 12 1 0 0 0

[14:22:46] [RECV] evnt 1 0 2040 2100

[14:22:47] [RECV] gp 58 37 20009 1 1 0

[14:22:47] [RECV] gp 9 36 20007 1 3 0

[14:22:47] [RECV] in 3 151 43823 37 36 7 100 100 0 0 0 -1 1 0 -1 - 2 -1 0 0 0 0 0 0 0 0

[14:22:47] [RECV] in 2 310 43822 45 37 0 100 100 0 0 0 -1 1 0 -1 - 2 -1 0 0 0 0 0 0 0 0

[14:22:47] [RECV] in 2 310 43821 45 30 1 100 100 0 0 0 -1 1 0 -1 - 2 -1 0 0 0 0 0 0 0 0

[14:22:47] [RECV] in 2 310 43820 44 43 7 100 100 0 0 0 -1 1 0 -1 - 2 -1 0 0 0 0 0 0 0 0

[14:22:47] [RECV] in 2 310 43819 43 23 3 100 100 0 0 0 -1 1 0 -1 - 2 -1 0 0 0 0 0 0 0 0

[14:22:47] [RECV] in 2 311 43818 40 39 2 100 100 0 0 0 -1 1 0 -1 - 2 -1 0 0 0 0 0 0 0 0

[14:22:47] [RECV] in 2 311 43817 40 33 5 100 100 0 0 0 -1 1 0 -1 - 2 -1 0 0 0 0 0 0 0 0

[14:22:47] [RECV] in 2 312 43816 38 42 6 100 100 0 0 0 -1 1 0 -1 - 2 -1 0 0 0 0 0 0 0 0

[14:22:47] [RECV] in 2 312 43815 36 28 5 100 100 0 0 0 -1 1 0 -1 - 2 -1 0 0 0 0 0 0 0 0

[14:22:47] [RECV] in 2 312 43814 35 48 7 100 100 0 0 0 -1 1 0 -1 - 2 -1 0 0 0 0 0 0 0 0

[14:22:47] [RECV] in 2 312 43813 35 34 7 100 100 0 0 0 -1 1 0 -1 - 2 -1 0 0 0 0 0 0 0 0

[14:22:47] [RECV] in 2 310 43812 34 26 0 100 100 0 0 0 -1 1 0 -1 - 2 -1 0 0 0 0 0 0 0 0

[14:22:47] [RECV] in 2 311 43811 34 19 6 100 100 0 0 0 -1 1 0 -1 - 2 -1 0 0 0 0 0 0 0 0

[14:22:47] [RECV] in 2 311 43810 33 41 1 100 100 0 0 0 -1 1 0 -1 - 2 -1 0 0 0 0 0 0 0 0

[14:22:47] [RECV] in 2 311 43809 32 47 1 100 100 0 0 0 -1 1 0 -1 - 2 -1 0 0 0 0 0 0 0 0

[14:22:47] [RECV] in 2 311 43808 30 37 5 100 100 0 0 0 -1 1 0 -1 - 2 -1 0 0 0 0 0 0 0 0

[14:22:47] [RECV] in 2 311 43807 30 23 0 100 100 0 0 0 -1 1 0 -1 - 2 -1 0 0 0 0 0 0 0 0

[14:22:47] [RECV] in 2 311 43806 29 33 3 100 100 0 0 0 -1 1 0 -1 - 2 -1 0 0 0 0 0 0 0 0

[14:22:47] [RECV] in 2 311 43805 28 27 0 100 100 0 0 0 -1 1 0 -1 - 2 -1 0 0 0 0 0 0 0 0

[14:22:47] [RECV] in 2 311 43804 23 47 0 100 100 0 0 0 -1 1 0 -1 - 2 -1 0 0 0 0 0 0 0 0

[14:22:47] [RECV] in 2 312 43803 21 35 0 100 100 0 0 0 -1 1 0 -1 - 2 -1 0 0 0 0 0 0 0 0

[14:22:47] [RECV] in 9 1001 54664 46 13 1 0 0 0

[14:22:47] [RECV] in 9 1001 54663 43 12 1 0 0 0

[14:22:47] [RECV] in 9 1001 54662 40 12 1 0 0 0

[14:22:47] [RECV] eff 3 43823 826

[14:22:47] [RECV] eff 3 43823 0

[14:22:47] [RECV] rsfm 29 2 0 0

[14:22:47] [RECV] evnt 3 0 1800 1800

[14:22:47] [RECV] evnt 1 0 2030 2100

[14:22:47] [RECV] in 3 145 43864 27 19 2 100 100 0 0 0 -1 0 0 -1 - 2 -1 0 0 0 0 0 0 0 0

[14:22:48] [RECV] msg 0 Les ennemis reçoivent des renforts !

[14:22:48] [RECV] in 3 151 43865 29 42 7 100 100 0 0 0 -1 0 0 -1 - 2 -1 0 0 0 0 0 0 0 0

[14:22:48] [RECV] msg 0 Les ennemis reçoivent des renforts !

[14:22:48] [RECV] in 3 151 43866 29 45 5 100 100 0 0 0 -1 0 0 -1 - 2 -1 0 0 0 0 0 0 0 0

[14:22:48] [RECV] msg 0 Les ennemis reçoivent des renforts !

[14:22:48] [RECV] in 3 119 43867 37 52 3 100 100 0 0 0 -1 0 0 -1 - 2 -1 0 0 0 0 0 0 0 0

[14:22:48] [RECV] msg 0 Les ennemis reçoivent des renforts !

[14:22:48] [RECV] in 3 116 43868 38 31 7 100 100 0 0 0 -1 0 0 -1 - 2 -1 0 0 0 0 0 0 0 0

[14:22:48] [RECV] msg 0 Les ennemis reçoivent des renforts !

[14:22:48] [RECV] su 3 43867 2 43814 0 10 11 1004 0 0 1 100 0 4 0

[14:22:48] [SEND] walk 14 36 0 14
[14:22:48] [RECV] su 2 43814 3 43866 0 12 11 514 0 0 1 96 95 3 0

[14:22:49] [SEND] walk 17 36 0 14
[14:22:49] [RECV] su 3 43868 2 43815 0 12 11 200 0 0 1 94 191 0 0

[14:22:49] [RECV] su 3 43866 2 43809 0 8 11 1009 0 0 1 91 446 0 0

[14:22:49] [SEND] walk 19 36 1 14
[14:22:49] [RECV] su 3 43823 2 43813 0 8 11 1009 0 0 1 87 452 0 0

[14:22:49] [RECV] su 2 43815 3 43868 0 12 11 514 0 0 1 98 42 0 0

[14:22:49] [RECV] su 2 43812 3 43864 0 12 11 200 0 0 1 99 22 0 0

[14:22:49] [RECV] su 2 43809 3 43866 0 12 11 200 0 0 1 93 90 0 0

[14:22:50] [RECV] su 3 43865 2 43810 0 8 11 1009 0 0 1 92 400 0 0

[14:22:50] [RECV] su 2 43816 3 43867 0 12 11 514 0 0 1 98 37 0 0

[14:22:50] [SEND] walk 24 36 0 14
[14:22:50] [RECV] su 3 43864 2 43807 0 12 11 200 0 0 1 95 262 0 0

[14:22:50] [RECV] su 2 43813 3 43823 0 12 11 514 0 0 1 99 2 0 0

[14:22:50] [RECV] su 2 43810 3 43865 0 12 11 200 0 0 1 97 65 0 0

[14:22:50] [RECV] su 3 43867 2 43816 0 10 11 1004 0 0 1 100 0 4 0

[14:22:50] [RECV] su 2 43807 3 43864 0 12 11 200 0 0 1 95 103 0 0

[14:22:51] [SEND] walk 29 36 0 14
[14:22:51] [RECV] su 3 43866 2 43809 0 8 11 1009 0 0 1 84 397 0 0

[14:22:51] [RECV] su 3 43823 2 43813 0 8 11 1009 0 0 1 63 877 3 0

[14:22:51] [RECV] su 2 43814 3 43866 0 12 11 514 0 0 1 92 28 0 0

[14:22:51] [RECV] su 2 43803 3 43868 0 12 11 514 0 0 1 96 73 0 0

[14:22:51] [SEND] walk 28 36 1 14
[14:22:51] [RECV] su 3 43868 2 43815 0 12 11 200 0 0 1 92 157 0 0

[14:22:52] [RECV] su 3 43865 2 43810 0 8 11 1009 0 0 1 87 330 0 0

[14:22:52] [RECV] su 1 148962 3 43823 855 8 11 4001 0 0 0 0 9972 0 0

[14:22:52] [RECV] su 2 43812 3 43864 0 12 11 200 0 0 1 94 39 0 0

[14:22:52] [RECV] su 2 43809 3 43866 0 12 11 200 0 0 1 89 70 0 0

[14:22:52] [RECV] su 2 43815 3 43868 0 12 11 514 0 0 1 93 69 0 0

[14:22:53] [RECV] su 3 43867 2 43814 0 10 11 1004 0 0 1 95 164 0 0

[14:22:53] [RECV] su 3 43866 2 43809 0 8 11 1009 0 0 1 77 437 0 0

[14:22:53] [RECV] su 3 43864 2 43812 0 12 11 200 0 0 1 93 291 0 0

[14:22:53] [RECV] su 2 43816 3 43867 0 12 11 514 0 0 1 97 49 0 0

[14:22:53] [RECV] eff 1 148962 15

[14:22:53] [RECV] su 1 148962 3 43865 855 8 11 4001 0 0 0 0 16938 0 0

[14:22:54] [RECV] su 2 43807 3 43864 0 12 11 200 0 0 1 92 55 0 0

[14:22:54] [RECV] su 1 148962 3 43868 855 8 11 4001 0 0 0 0 8177 0 0

[14:22:54] [RECV] su 2 43814 3 43866 0 12 11 514 0 0 1 89 4 0 0

[14:22:55] [RECV] su 3 43866 2 43809 0 8 11 1009 0 0 1 64 760 3 0

[14:22:55] [RECV] su 2 43812 3 43864 0 12 11 200 0 0 1 90 48 0 0

[14:22:55] [RECV] su 2 43809 3 43866 0 12 11 200 0 0 1 86 89 0 0

[14:22:55] [RECV] su 1 148962 3 43864 855 8 11 4001 0 0 0 0 10249 0 0

[14:22:56] [RECV] su 3 43867 2 43814 0 10 11 1004 0 0 1 92 144 0 0

[14:22:56] [RECV] su 2 43816 3 43867 0 12 11 514 0 0 1 96 41 0 0

[14:22:57] [RECV] eff 1 148962 15

[14:22:57] [RECV] su 1 148962 3 43866 855 8 11 4001 0 0 0 0 17379 0 0

[14:22:57] [SEND] walk 28 41 0 14
[14:22:58] [RECV] su 2 43814 3 43867 0 12 11 514 0 0 1 95 30 0 0

[14:22:58] [SEND] walk 28 42 1 14
[14:22:58] [RECV] su 2 43813 3 43867 0 12 11 514 0 0 1 93 52 0 0

[14:22:59] [RECV] su 3 43867 2 43816 0 10 11 1004 0 0 1 96 133 0 0

[14:22:59] [RECV] eff 1 148962 15

[14:22:59] [RECV] su 1 148962 3 43867 855 8 11 4001 0 0 0 0 13682 0 0

[14:23:01] [RECV] rsfn 2 7 0

[14:23:01] [SEND] walk 32 41 1 14
[14:23:02] [SEND] walk 35 38 1 14
[14:23:17] [RECV] in 3 145 43869 27 19 5 100 100 0 0 0 -1 0 0 -1 - 2 -1 0 0 0 0 0 0 0 0

[14:23:17] [RECV] msg 0 Les ennemis reçoivent des renforts !

[14:23:17] [RECV] in 3 151 43870 29 42 6 100 100 0 0 0 -1 0 0 -1 - 2 -1 0 0 0 0 0 0 0 0

[14:23:17] [RECV] msg 0 Les ennemis reçoivent des renforts !

[14:23:17] [RECV] in 3 151 43871 29 45 6 100 100 0 0 0 -1 0 0 -1 - 2 -1 0 0 0 0 0 0 0 0

[14:23:17] [RECV] msg 0 Les ennemis reçoivent des renforts !

[14:23:17] [RECV] in 3 119 43872 37 52 2 100 100 0 0 0 -1 0 0 -1 - 2 -1 0 0 0 0 0 0 0 0

[14:23:17] [RECV] msg 0 Les ennemis reçoivent des renforts !

[14:23:17] [RECV] in 3 116 43873 38 31 6 100 100 0 0 0 -1 0 0 -1 - 2 -1 0 0 0 0 0 0 0 0

[14:23:17] [RECV] msg 0 Les ennemis reçoivent des renforts !

[14:23:18] [RECV] su 2 43814 3 43872 0 12 11 514 0 0 1 99 19 0 0

[14:23:18] [RECV] su 3 43873 2 43820 0 12 11 200 0 0 1 95 174 0 0

[14:23:18] [SEND] walk 31 41 0 14
[14:23:18] [RECV] su 3 43872 2 43816 0 10 11 1004 0 0 1 100 0 4 0

[14:23:18] [RECV] su 3 43871 2 43809 0 8 11 1009 0 0 1 67 470 0 0

[14:23:18] [RECV] su 3 43869 2 43815 0 12 11 200 0 0 1 93 239 0 0

[14:23:19] [RECV] su 2 43820 3 43873 0 12 11 200 0 0 1 100 0 1 0

[14:23:19] [SEND] walk 32 45 0 14
[14:23:19] [RECV] su 2 43815 3 43869 0 12 11 514 0 0 1 98 30 0 0

[14:23:19] [SEND] walk 31 47 0 14
[14:23:19] [RECV] su 3 43870 2 43809 0 8 11 1009 0 0 1 60 337 0 0

[14:23:19] [RECV] su 2 43816 3 43872 0 12 11 514 0 0 1 96 108 3 0

[14:23:20] [SEND] walk 32 43 0 14
[14:23:20] [RECV] su 2 43813 3 43873 0 12 11 514 0 0 1 98 52 0 0

[14:23:20] [RECV] su 2 43809 3 43871 0 12 11 200 0 0 1 100 0 1 0

[14:23:20] [RECV] su 2 43803 3 43871 0 12 11 514 0 0 1 100 0 4 0

[14:23:20] [SEND] walk 32 44 1 14
[14:23:20] [RECV] su 3 43871 2 43809 0 8 11 1009 0 0 1 54 383 0 0

[14:23:20] [RECV] eff 1 148962 15

[14:23:20] [RECV] su 1 148962 3 43870 855 8 11 4001 0 0 0 0 17371 0 0

[14:23:21] [RECV] su 2 43814 3 43872 0 12 11 514 0 0 1 95 18 0 0

[14:23:21] [RECV] su 3 43873 2 43820 0 12 11 200 0 0 1 97 0 1 0

[14:23:21] [RECV] su 3 43872 2 43816 0 10 11 1004 0 0 1 95 143 0 0

[14:23:21] [RECV] su 3 43869 2 43815 0 12 11 200 0 0 1 88 228 0 0

[14:23:22] [RECV] su 2 43819 3 43873 0 12 11 200 0 0 1 98 0 1 0

[14:23:22] [RECV] su 1 148962 3 43872 855 8 11 4001 0 0 0 0 8028 0 0

[14:23:22] [RECV] su 3 43871 2 43809 0 8 11 1009 0 0 1 47 411 0 0

[14:23:23] [RECV] su 2 43809 3 43871 0 12 11 200 0 0 1 98 52 0 0

[14:23:23] [RECV] eff 1 148962 15

[14:23:23] [RECV] su 1 148962 3 43871 855 8 11 4001 0 0 0 0 16885 0 0

[14:23:23] [RECV] su 2 43803 2 43803 0 12 11 514 0 0 1 100 0 2 0

[14:23:23] [RECV] su 2 43820 3 43873 0 12 11 200 0 0 1 95 76 0 0

[14:23:23] [RECV] su 2 43815 3 43869 0 12 11 514 0 0 1 98 0 4 0

[14:23:23] [SEND] walk 32 39 0 14
[14:23:24] [RECV] su 3 43873 2 43820 0 12 11 200 0 0 1 98 0 1 0

[14:23:24] [RECV] su 3 43869 2 43815 0 12 11 200 0 0 1 82 254 0 0

[14:23:24] [RECV] su 2 43819 3 43873 0 12 11 200 0 0 1 93 58 0 0

[14:23:24] [SEND] walk 34 36 1 14
[14:23:25] [SEND] walk 32 38 1 14
[14:23:25] [RECV] su 2 43813 3 43873 0 12 11 514 0 0 1 92 48 0 0

[14:23:25] [RECV] su 1 148962 3 43873 855 8 11 4001 0 0 0 0 7890 0 0

[14:23:25] [SEND] walk 32 33 0 14
[14:23:27] [RECV] eff 1 148962 15

[14:23:27] [RECV] su 1 148962 3 43869 855 8 11 4001 0 0 0 0 17968 0 0

[14:23:27] [RECV] su 2 43815 2 43815 0 12 11 514 0 0 1 83 0 2 0

[14:23:28] [RECV] rsfn 2 7 0

[14:23:47] [RECV] in 3 145 43874 27 19 7 100 100 0 0 0 -1 0 0 -1 - 2 -1 0 0 0 0 0 0 0 0

[14:23:47] [RECV] msg 0 Les ennemis reçoivent des renforts !

[14:23:47] [RECV] in 3 151 43875 29 42 4 100 100 0 0 0 -1 0 0 -1 - 2 -1 0 0 0 0 0 0 0 0

[14:23:47] [RECV] msg 0 Les ennemis reçoivent des renforts !

[14:23:47] [RECV] in 3 151 43876 29 45 0 100 100 0 0 0 -1 0 0 -1 - 2 -1 0 0 0 0 0 0 0 0

[14:23:47] [RECV] msg 0 Les ennemis reçoivent des renforts !

[14:23:47] [RECV] in 3 119 43877 37 52 6 100 100 0 0 0 -1 0 0 -1 - 2 -1 0 0 0 0 0 0 0 0

[14:23:47] [RECV] msg 0 Les ennemis reçoivent des renforts !

[14:23:47] [RECV] in 3 116 43878 38 31 1 100 100 0 0 0 -1 0 0 -1 - 2 -1 0 0 0 0 0 0 0 0

[14:23:47] [RECV] msg 0 Les ennemis reçoivent des renforts !

[14:23:47] [RECV] eff 3 43878 5000

[14:23:48] [RECV] su 2 43816 3 43877 0 12 11 514 0 0 1 97 89 3 0

[14:23:48] [RECV] eff 2 43816 6007

[14:23:48] [RECV] su 3 43877 2 43816 0 10 11 1004 0 0 1 96 120 0 0

[14:23:48] [RECV] su 3 43875 2 43804 0 8 11 1009 0 0 1 91 430 0 0

[14:23:48] [RECV] su 2 43815 3 43874 0 12 11 514 0 0 1 100 0 4 0

[14:23:48] [RECV] su 2 43814 3 43876 0 12 11 514 0 0 1 99 19 0 0

[14:23:48] [RECV] su 1 148962 3 43878 855 8 11 4001 0 0 0 0 7782 0 0

[14:23:49] [RECV] su 3 43874 2 43815 0 12 11 200 0 0 1 95 0 1 0

[14:23:49] [RECV] su 2 43803 3 43875 0 12 11 514 0 0 1 97 59 0 0

[14:23:50] [RECV] su 3 43876 2 43804 0 8 11 1009 0 0 1 85 397 0 0

[14:23:50] [RECV] su 3 43875 2 43804 0 8 11 1009 0 0 1 77 424 0 0

[14:23:50] [RECV] su 2 43812 3 43874 0 12 11 200 0 0 1 98 48 0 0

[14:23:50] [RECV] su 1 148962 3 43876 855 8 11 4001 0 0 0 0 10055 0 0

[14:23:51] [RECV] su 3 43877 2 43816 0 10 11 1004 0 0 1 89 171 0 0

[14:23:51] [RECV] su 2 43815 3 43874 0 12 11 514 0 0 1 96 46 0 0

[14:23:51] [RECV] su 2 43804 3 43875 0 12 11 200 0 0 1 95 57 0 0

[14:23:51] [RECV] su 2 43816 3 43877 0 12 11 514 0 0 1 95 64 0 0

[14:23:51] [RECV] su 1 148962 3 43875 855 8 11 4001 0 0 0 0 9968 0 0

[14:23:52] [RECV] su 3 43874 2 43815 0 12 11 200 0 0 1 90 216 0 0

[14:23:53] [RECV] su 1 148962 3 43874 855 8 11 4001 0 0 0 0 10777 0 0

[14:23:53] [SEND] walk 32 38 1 14
[14:23:53] [RECV] su 3 43877 2 43816 0 10 11 1004 0 0 1 83 176 0 0

[14:23:53] [RECV] su 2 43822 3 43877 0 12 11 200 0 0 1 93 61 0 0

[14:23:54] [SEND] walk 35 42 0 14
[14:23:54] [SEND] walk 33 40 1 14
[14:23:55] [RECV] eff 1 148962 15

[14:23:55] [RECV] su 1 148962 3 43877 855 8 11 4001 0 0 0 0 13872 0 0

[14:23:56] [SEND] walk 33 36 0 14
[14:23:56] [RECV] rsfn 2 7 0

[14:23:58] [RECV] eff 2 43816 6007

[14:24:17] [RECV] in 3 145 43879 27 19 7 100 100 0 0 0 -1 0 0 -1 - 2 -1 0 0 0 0 0 0 0 0

[14:24:17] [RECV] msg 0 Les ennemis reçoivent des renforts !

[14:24:17] [RECV] in 3 151 43880 29 42 3 100 100 0 0 0 -1 0 0 -1 - 2 -1 0 0 0 0 0 0 0 0

[14:24:17] [RECV] msg 0 Les ennemis reçoivent des renforts !

[14:24:17] [RECV] in 3 151 43881 29 45 4 100 100 0 0 0 -1 0 0 -1 - 2 -1 0 0 0 0 0 0 0 0

[14:24:17] [RECV] msg 0 Les ennemis reçoivent des renforts !

[14:24:17] [RECV] in 3 119 43882 37 52 3 100 100 0 0 0 -1 0 0 -1 - 2 -1 0 0 0 0 0 0 0 0

[14:24:17] [RECV] msg 0 Les ennemis reçoivent des renforts !

[14:24:17] [RECV] in 3 116 43883 38 31 5 100 100 0 0 0 -1 0 0 -1 - 2 -1 0 0 0 0 0 0 0 0

[14:24:17] [RECV] msg 0 Les ennemis reçoivent des renforts !

[14:24:18] [RECV] su 2 43803 3 43880 0 12 11 514 0 0 1 98 42 0 0

[14:24:18] [RECV] su 3 43882 2 43822 0 10 11 1004 0 0 1 96 161 0 0

[14:24:19] [RECV] su 1 148962 3 43880 855 8 11 4001 0 0 0 0 10238 0 0

[14:24:19] [RECV] su 3 43881 2 43818 0 8 11 1009 0 0 1 92 381 0 0

[14:24:19] [RECV] su 2 43816 3 43882 0 12 11 514 0 0 1 99 12 0 0

[14:24:19] [RECV] su 2 43814 3 43882 0 12 11 514 0 0 1 98 24 0 0

[14:24:20] [RECV] su 2 43822 3 43881 0 12 11 200 0 0 1 97 64 0 0

[14:24:20] [RECV] eff 1 148962 15

[14:24:20] [RECV] su 1 148962 3 43881 855 8 11 4001 0 0 0 0 17657 0 0

[14:24:21] [RECV] su 2 43821 3 43883 0 12 11 200 0 0 1 98 44 0 0

[14:24:21] [SEND] walk 33 41 0 14
[14:24:21] [RECV] su 2 43813 3 43883 0 12 11 514 0 0 1 96 74 0 0

[14:24:21] [RECV] su 3 43883 2 43821 0 12 11 200 0 0 1 96 149 0 0

[14:24:21] [RECV] su 2 43815 3 43883 0 12 11 514 0 0 1 93 74 0 0

[14:24:22] [RECV] su 3 43882 2 43822 0 10 11 1004 0 0 1 97 0 4 0

[14:24:22] [RECV] su 2 43812 3 43883 0 12 11 200 0 0 1 92 34 0 0

[14:24:22] [RECV] su 1 148962 3 43882 855 8 11 4001 0 0 0 0 7778 0 0

[14:24:22] [RECV] su 2 43816 2 43816 0 12 11 514 0 0 1 86 0 2 0

[14:24:22] [RECV] su 2 43814 2 43814 0 12 11 514 0 0 1 100 0 2 0

[14:24:22] [RECV] su 3 43879 2 43815 0 12 11 200 0 0 1 93 230 0 0

[14:24:23] [RECV] su 1 148962 3 43883 855 8 11 4001 0 0 0 0 7879 0 0

[14:24:23] [RECV] su 2 43821 2 43821 0 12 11 200 0 0 1 97 0 2 0

[14:24:24] [RECV] su 2 43815 3 43879 0 12 11 514 0 0 1 98 35 0 0

[14:24:24] [RECV] eff 1 148962 15

[14:24:24] [RECV] su 1 148962 3 43879 855 8 11 4001 0 0 0 0 17989 0 0

[14:24:25] [RECV] rsfn 2 7 0

[14:24:25] [SEND] walk 33 36 0 14
[14:24:26] [RECV] rsfn 2 7 0

[14:24:26] [SEND] walk 34 35 0 14
[14:24:47] [RECV] in 3 145 43890 27 19 4 100 100 0 0 0 -1 0 0 -1 - 2 -1 0 0 0 0 0 0 0 0

[14:24:47] [RECV] msg 0 Les ennemis reçoivent des renforts !

[14:24:47] [RECV] in 3 151 43891 29 42 6 100 100 0 0 0 -1 0 0 -1 - 2 -1 0 0 0 0 0 0 0 0

[14:24:47] [RECV] msg 0 Les ennemis reçoivent des renforts !

[14:24:47] [RECV] in 3 151 43892 29 45 2 100 100 0 0 0 -1 0 0 -1 - 2 -1 0 0 0 0 0 0 0 0

[14:24:47] [RECV] msg 0 Les ennemis reçoivent des renforts !

[14:24:47] [RECV] in 3 119 43893 37 52 3 100 100 0 0 0 -1 0 0 -1 - 2 -1 0 0 0 0 0 0 0 0

[14:24:47] [RECV] msg 0 Les ennemis reçoivent des renforts !

[14:24:47] [RECV] in 3 116 43894 38 31 2 100 100 0 0 0 -1 0 0 -1 - 2 -1 0 0 0 0 0 0 0 0

[14:24:47] [RECV] msg 0 Les ennemis reçoivent des renforts !

[14:24:48] [RECV] eff 3 43894 5000

[14:24:48] [RECV] su 2 43814 3 43893 0 12 11 514 0 0 1 99 26 0 0

[14:24:48] [RECV] su 2 43816 3 43892 0 12 11 514 0 0 1 97 61 0 0

[14:24:48] [RECV] su 3 43893 2 43822 0 10 11 1004 0 0 1 97 92 0 0

[14:24:48] [RECV] su 3 43892 2 43821 0 8 11 1009 0 0 1 100 0 1 0

[14:24:48] [RECV] su 2 43803 2 43803 0 12 11 514 0 0 1 100 0 2 0

[14:24:48] [RECV] su 1 148962 3 43891 855 8 11 4001 0 0 0 0 10401 0 0

[14:24:49] [RECV] su 2 43822 3 43893 0 12 11 200 0 0 1 97 41 0 0

[14:24:49] [RECV] su 3 43890 2 43811 0 12 11 200 0 0 1 95 216 0 0

[14:24:49] [RECV] su 2 43815 3 43894 0 12 11 514 0 0 1 97 66 0 0

[14:24:50] [RECV] su 2 43819 3 43890 0 12 11 200 0 0 1 99 27 0 0

[14:24:50] [RECV] su 2 43813 3 43894 0 12 11 514 0 0 1 94 89 0 0

[14:24:50] [RECV] su 1 148962 3 43894 855 8 11 4001 0 0 0 0 7879 0 0

[14:24:50] [RECV] su 2 43821 3 43892 0 12 11 200 0 0 1 97 13 0 0

[14:24:50] [RECV] su 2 43811 3 43890 0 12 11 200 0 0 1 97 54 0 0

[14:24:50] [RECV] su 3 43892 2 43821 0 8 11 1009 0 0 1 89 453 0 0

[14:24:51] [RECV] su 3 43893 2 43822 0 10 11 1004 0 0 1 98 0 4 0

[14:24:51] [RECV] su 2 43812 3 43892 0 12 11 200 0 0 1 95 53 0 0

[14:24:51] [RECV] su 1 148962 3 43892 855 8 11 4001 0 0 0 0 10279 0 0

[14:24:51] [RECV] su 2 43814 3 43893 0 12 11 514 0 0 1 97 13 0 0

[14:24:52] [RECV] su 2 43803 3 43890 0 12 11 514 0 0 1 95 32 0 0

[14:24:52] [RECV] su 2 43822 3 43893 0 12 11 200 0 0 1 96 41 0 0

[14:24:52] [RECV] su 3 43890 2 43811 0 12 11 200 0 0 1 96 0 1 0

[14:24:53] [SEND] walk 34 30 1 14
[14:24:53] [RECV] su 3 43893 2 43822 0 10 11 1004 0 0 1 96 132 0 0

[14:24:53] [RECV] su 2 43819 3 43890 0 12 11 200 0 0 1 94 34 0 0

[14:24:53] [RECV] su 2 43811 3 43890 0 12 11 200 0 0 1 91 100 0 0

[14:24:54] [SEND] walk 34 25 0 14
[14:24:54] [RECV] su 2 43816 3 43893 0 12 11 514 0 0 1 95 14 0 0

[14:24:54] [SEND] walk 34 29 0 14
[14:24:54] [RECV] su 1 148962 3 43890 855 8 11 4001 0 0 0 0 10349 0 0

[14:24:54] [RECV] su 2 43803 2 43803 0 12 11 514 0 0 1 100 0 2 0

[14:24:54] [SEND] walk 34 34 0 14
[14:24:55] [RECV] su 2 43822 3 43893 0 12 11 200 0 0 1 94 49 0 0

[14:24:56] [SEND] walk 34 39 1 14
[14:24:56] [RECV] su 3 43893 2 43814 0 10 11 1004 0 0 1 97 105 0 0

[14:24:56] [SEND] walk 34 41 0 14
[14:24:56] [RECV] su 2 43814 3 43893 0 12 11 514 0 0 1 93 22 0 0

[14:24:57] [SEND] walk 34 40 0 14
[14:24:57] [RECV] su 1 148962 3 43893 855 8 11 4001 0 0 0 0 7764 0 0

[14:24:58] [RECV] rsfn 2 7 0

[14:25:17] [RECV] in 3 145 43895 27 19 0 100 100 0 0 0 -1 0 0 -1 - 2 -1 0 0 0 0 0 0 0 0

[14:25:17] [RECV] msg 0 Les ennemis reçoivent des renforts !

[14:25:17] [RECV] in 3 151 43896 29 42 5 100 100 0 0 0 -1 0 0 -1 - 2 -1 0 0 0 0 0 0 0 0

[14:25:17] [RECV] msg 0 Les ennemis reçoivent des renforts !

[14:25:17] [RECV] in 3 151 43897 29 45 4 100 100 0 0 0 -1 0 0 -1 - 2 -1 0 0 0 0 0 0 0 0

[14:25:17] [RECV] msg 0 Les ennemis reçoivent des renforts !

[14:25:17] [RECV] in 3 119 43898 37 52 4 100 100 0 0 0 -1 0 0 -1 - 2 -1 0 0 0 0 0 0 0 0

[14:25:17] [RECV] msg 0 Les ennemis reçoivent des renforts !

[14:25:17] [RECV] in 3 116 43899 38 31 2 100 100 0 0 0 -1 0 0 -1 - 2 -1 0 0 0 0 0 0 0 0

[14:25:17] [RECV] msg 0 Les ennemis reçoivent des renforts !

[14:25:17] [RECV] eff 3 43896 5000

[14:25:18] [RECV] su 2 43816 3 43898 0 12 11 514 0 0 1 98 48 0 0

[14:25:18] [RECV] su 3 43898 2 43822 0 10 11 1004 0 0 1 97 99 0 0

[14:25:18] [RECV] su 2 43814 3 43898 0 12 11 514 0 0 1 96 57 0 0

[14:25:18] [RECV] su 2 43803 3 43899 0 12 11 514 0 0 1 98 46 0 0

[14:25:19] [RECV] su 3 43897 3 43897 0 8 11 1009 0 0 1 100 0 2 0

[14:25:19] [RECV] su 2 43815 3 43896 0 12 11 514 0 0 1 100 0 4 0

[14:25:19] [RECV] su 3 43896 1 148962 0 8 11 1009 0 0 1 93 0 1 0

[14:25:19] [RECV] su 3 43899 2 43803 0 12 11 200 0 0 1 95 162 0 0

[14:25:20] [RECV] su 2 43822 3 43898 0 12 11 200 0 0 1 94 74 0 0

[14:25:20] [RECV] su 3 43898 2 43822 0 10 11 1004 0 0 1 97 99 0 0

[14:25:21] [RECV] su 3 43897 2 43810 0 8 11 1009 0 0 1 91 444 0 0

[14:25:21] [RECV] su 2 43816 3 43898 0 12 11 514 0 0 1 93 18 0 0

[14:25:21] [RECV] su 2 43803 3 43899 0 12 11 514 0 0 1 96 53 0 0

[14:25:21] [RECV] su 3 43896 1 148962 0 8 11 1009 0 0 1 93 4 0 0

[14:25:21] [RECV] msg 1 Dans 1 minutes 50 ~ 70Le Brise-glace va commencer pour tous les niveaux.

[14:25:21] [RECV] su 3 43895 3 43895 411 100 12 1023 0 0 1 100 0 -2 0

[14:25:21] [RECV] su 3 43895 2 43808 411 100 12 1023 0 0 1 92 383 5 0

[14:25:21] [RECV] su 2 43808 3 43895 0 12 11 200 0 0 1 96 84 0 0

[14:25:22] [RECV] su 2 43820 3 43899 0 12 11 200 0 0 1 92 127 3 0

[14:25:22] [RECV] su 2 43813 3 43896 0 12 11 514 0 0 1 97 58 0 0

[14:25:22] [RECV] su 3 43899 2 43803 0 12 11 200 0 0 1 91 173 0 0

[14:25:22] [RECV] su 2 43814 3 43898 0 12 11 514 0 0 1 92 48 0 0

[14:25:23] [RECV] su 3 43897 2 43810 0 8 11 1009 0 0 1 92 0 1 0

[14:25:23] [RECV] su 2 43810 3 43897 0 12 11 200 0 0 1 96 94 0 0

[14:25:23] [RECV] su 3 43896 1 148962 0 8 11 1009 0 0 1 93 4 0 0

[14:25:23] [RECV] su 2 43821 3 43897 0 12 11 200 0 0 1 96 0 1 0

[14:25:23] [RECV] su 2 43819 3 43895 0 12 11 200 0 0 1 95 48 0 0

[14:25:23] [RECV] su 3 43898 2 43822 0 10 11 1004 0 0 1 94 168 0 0

[14:25:24] [RECV] su 2 43816 3 43898 0 12 11 514 0 0 1 91 36 0 0

[14:25:24] [RECV] su 2 43815 3 43896 0 12 11 514 0 0 1 96 35 0 0

[14:25:24] [RECV] eff 1 148962 15

[14:25:24] [RECV] su 1 148962 3 43896 855 8 11 4001 0 0 0 0 17848 0 0

[14:25:24] [RECV] su 3 43895 2 43808 0 12 11 200 0 0 1 88 261 0 0

[14:25:24] [RECV] su 2 43822 3 43898 0 12 11 200 0 0 1 91 0 1 0

[14:25:24] [RECV] su 2 43803 3 43899 0 12 11 514 0 0 1 92 0 4 0

[14:25:25] [RECV] su 3 43897 2 43810 0 8 11 1009 0 0 1 84 466 0 0

[14:25:25] [RECV] su 2 43820 3 43899 0 12 11 200 0 0 1 90 77 0 0

[14:25:25] [RECV] su 1 148962 3 43899 855 8 11 4001 0 0 0 0 7829 0 0

[14:25:25] [RECV] su 2 43808 3 43895 0 12 11 200 0 0 1 90 136 3 0

[14:25:26] [RECV] su 2 43821 3 43897 0 12 11 200 0 0 1 96 0 1 0

[14:25:26] [RECV] su 3 43898 2 43822 0 10 11 1004 0 0 1 92 126 0 0

[14:25:26] [RECV] su 2 43819 3 43895 0 12 11 200 0 0 1 88 43 0 0

[14:25:26] [RECV] su 2 43814 3 43898 0 12 11 514 0 0 1 90 13 0 0

[14:25:26] [RECV] su 2 43810 3 43897 0 12 11 200 0 0 1 93 84 0 0

[14:25:26] [RECV] su 1 148962 3 43898 855 8 11 4001 0 0 0 0 7742 0 0

[14:25:27] [RECV] su 3 43897 2 43810 0 8 11 1009 0 0 1 78 367 0 0

[14:25:27] [RECV] su 3 43895 2 43808 0 12 11 200 0 0 1 83 320 0 0

[14:25:29] [RECV] su 3 43897 2 43810 0 8 11 1009 0 0 1 79 0 1 0

[14:25:29] [RECV] su 2 43808 3 43895 0 12 11 200 0 0 1 86 53 0 0

[14:25:29] [RECV] eff 1 148962 15

[14:25:29] [RECV] su 1 148962 3 43897 855 8 11 4001 0 0 0 0 17433 0 0

[14:25:29] [RECV] su 3 43895 2 43808 0 12 11 200 0 0 1 80 259 0 0

[14:25:29] [RECV] su 2 43816 2 43816 0 12 11 514 0 0 1 100 0 2 0

[14:25:30] [RECV] su 2 43819 3 43895 0 12 11 200 0 0 1 86 11 0 0

[14:25:30] [SEND] walk 34 35 0 14
[14:25:31] [RECV] su 2 43803 3 43895 0 12 11 514 0 0 1 86 0 4 0

[14:25:31] [SEND] walk 34 30 1 14
[14:25:32] [RECV] su 3 43895 2 43808 0 12 11 200 0 0 1 75 322 0 0

[14:25:32] [RECV] su 1 148962 3 43895 855 8 11 4001 0 0 0 0 10850 0 0

[14:25:32] [RECV] su 2 43819 2 43819 0 12 11 200 0 0 1 100 0 2 0

[14:25:34] [RECV] rsfn 2 7 0

[14:25:35] [SEND] walk 39 31 1 14
[14:25:36] [SEND] walk 42 34 1 14
[14:25:36] [SEND] walk 44 36 0 14
[14:25:43] [SEND] walk 49 36 1 14
[14:25:44] [SEND] walk 51 36 0 14
[14:25:45] [SEND] walk 54 37 1 14
[14:25:46] [RECV] gp 58 37 20009 2 1 0

[14:25:46] [RECV] gp 9 36 20007 1 3 0

[14:25:46] [RECV] in 2 310 43822 36 58 0 100 100 0 0 0 -1 1 0 -1 - 2 -1 0 0 0 0 0 0 0 0

[14:25:46] [RECV] in 2 310 43821 32 36 1 100 100 0 0 0 -1 1 0 -1 - 2 -1 0 0 0 0 0 0 0 0

[14:25:46] [RECV] in 2 310 43820 29 31 7 100 100 0 0 0 -1 1 0 -1 - 2 -1 0 0 0 0 0 0 0 0

[14:25:46] [RECV] in 2 310 43819 10 19 3 100 100 0 0 0 -1 1 0 -1 - 2 -1 0 0 0 0 0 0 0 0

[14:25:46] [RECV] in 2 311 43818 29 53 2 100 100 0 0 0 -1 1 0 -1 - 2 -1 0 0 0 0 0 0 0 0

[14:25:46] [RECV] in 2 311 43817 51 34 5 100 100 0 0 0 -1 1 0 -1 - 2 -1 0 0 0 0 0 0 0 0

[14:25:46] [RECV] in 2 312 43816 40 49 6 100 100 0 0 0 -1 1 0 -1 - 2 -1 0 0 0 0 0 0 0 0

[14:25:46] [RECV] in 2 312 43815 43 37 5 100 100 0 0 0 -1 1 0 -1 - 2 -1 0 0 0 0 0 0 0 0

[14:25:46] [RECV] in 2 312 43814 31 47 7 100 100 0 0 0 -1 1 0 -1 - 2 -1 0 0 0 0 0 0 0 0

[14:25:46] [RECV] in 2 312 43813 42 42 7 100 100 0 0 0 -1 1 0 -1 - 2 -1 0 0 0 0 0 0 0 0

[14:25:46] [RECV] in 2 310 43812 17 45 0 100 100 0 0 0 -1 1 0 -1 - 2 -1 0 0 0 0 0 0 0 0

[14:25:47] [RECV] in 2 311 43811 40 18 6 100 100 0 0 0 -1 1 0 -1 - 2 -1 0 0 0 0 0 0 0 0

[14:25:47] [RECV] in 2 311 43810 36 41 1 87 100 0 0 0 -1 1 0 -1 - 2 -1 0 0 0 0 0 0 0 0

[14:25:47] [RECV] in 2 311 43809 20 50 1 100 100 0 0 0 -1 1 0 -1 - 2 -1 0 0 0 0 0 0 0 0

[14:25:47] [RECV] in 2 311 43808 29 14 5 82 100 0 0 0 -1 1 0 -1 - 2 -1 0 0 0 0 0 0 0 0

[14:25:47] [RECV] in 2 311 43807 43 43 0 100 100 0 0 0 -1 1 0 -1 - 2 -1 0 0 0 0 0 0 0 0

[14:25:47] [RECV] in 2 311 43806 29 47 3 100 100 0 0 0 -1 1 0 -1 - 2 -1 0 0 0 0 0 0 0 0

[14:25:47] [RECV] in 2 311 43805 36 23 0 100 100 0 0 0 -1 1 0 -1 - 2 -1 0 0 0 0 0 0 0 0

[14:25:47] [RECV] in 2 311 43804 29 50 0 100 100 0 0 0 -1 1 0 -1 - 2 -1 0 0 0 0 0 0 0 0

[14:25:47] [RECV] in 2 312 43803 31 32 0 100 100 0 0 0 -1 1 0 -1 - 2 -1 0 0 0 0 0 0 0 0

[14:25:47] [RECV] in 9 2010 54675 29 46 1 0 0 148962

[14:25:47] [RECV] in 9 1001 54664 46 13 1 0 0 0

[14:25:47] [RECV] in 9 1001 54663 43 12 1 0 0 0

[14:25:47] [RECV] in 9 1001 54662 40 12 1 0 0 0

[14:25:47] [RECV] msg 0 Une porte s'est ouverte.

[14:25:47] [RECV] evnt 1 0 240 2100

[14:25:47] [RECV] npc_req 1 148962 6132

[14:25:47] [RECV] evnt 1 0 2040 2100

[14:25:47] [RECV] evnt 1 0 2040 2100

[14:25:47] [RECV] evnt 3 1 -1 -1

[14:25:47] [RECV] evnt 3 1 -1 -1

[14:25:49] [RECV] evnt 1 0 2040 2100

[14:25:50] [SEND] walk 57 36 0 14
[14:25:50] [SEND] preq
[14:25:51] [RECV] rsfn 2 7 0

[14:25:51] [RECV] at 148962 2100 9 36 2 0 50 2 -1

[14:25:51] [RECV] npc_req 1 148962 6133

[14:25:51] [RECV] evnt 1 0 2030 2100

[14:25:51] [RECV] msg 1 Dans 30 secondes 50 ~ 70Le Brise-glace va commencer pour tous les niveaux.

[14:25:51] [RECV] gp 58 37 20010 1 1 0

[14:25:51] [RECV] gp 9 36 20008 1 3 0

[14:25:51] [RECV] in 2 311 43838 27 45 4 100 100 0 0 0 -1 1 0 -1 - 2 -1 0 0 0 0 0 0 0 0

[14:25:51] [RECV] in 2 311 43837 27 40 2 100 100 0 0 0 -1 1 0 -1 - 2 -1 0 0 0 0 0 0 0 0

[14:25:51] [RECV] in 2 311 43836 27 30 5 100 100 0 0 0 -1 1 0 -1 - 2 -1 0 0 0 0 0 0 0 0

[14:25:51] [RECV] in 2 311 43835 27 23 4 100 100 0 0 0 -1 1 0 -1 - 2 -1 0 0 0 0 0 0 0 0

[14:25:51] [RECV] in 2 311 43834 26 34 0 100 100 0 0 0 -1 1 0 -1 - 2 -1 0 0 0 0 0 0 0 0

[14:25:51] [RECV] in 2 312 43833 23 24 7 100 100 0 0 0 -1 1 0 -1 - 2 -1 0 0 0 0 0 0 0 0

[14:25:51] [RECV] in 2 310 43832 23 22 0 100 100 0 0 0 -1 1 0 -1 - 2 -1 0 0 0 0 0 0 0 0

[14:25:52] [RECV] in 2 312 43831 22 51 1 100 100 0 0 0 -1 1 0 -1 - 2 -1 0 0 0 0 0 0 0 0

[14:25:52] [RECV] in 2 312 43830 22 48 3 100 100 0 0 0 -1 1 0 -1 - 2 -1 0 0 0 0 0 0 0 0

[14:25:52] [RECV] in 2 312 43829 22 44 4 100 100 0 0 0 -1 1 0 -1 - 2 -1 0 0 0 0 0 0 0 0

[14:25:52] [RECV] in 2 312 43828 22 40 2 100 100 0 0 0 -1 1 0 -1 - 2 -1 0 0 0 0 0 0 0 0

[14:25:52] [RECV] in 2 310 43827 22 36 6 100 100 0 0 0 -1 1 0 -1 - 2 -1 0 0 0 0 0 0 0 0

[14:25:52] [RECV] in 2 310 43826 22 32 1 100 100 0 0 0 -1 1 0 -1 - 2 -1 0 0 0 0 0 0 0 0

[14:25:52] [RECV] in 2 310 43825 22 27 7 100 100 0 0 0 -1 1 0 -1 - 2 -1 0 0 0 0 0 0 0 0

[14:25:52] [RECV] in 2 310 43824 22 18 4 100 100 0 0 0 -1 1 0 -1 - 2 -1 0 0 0 0 0 0 0 0

[14:25:52] [RECV] in 9 1001 54665 42 11 1 0 0 0

[14:25:53] [RECV] evnt 1 0 2030 2100

[14:25:53] [SEND] walk 14 36 0 14
[14:25:53] [RECV] gp 58 37 20010 1 1 0

[14:25:53] [RECV] gp 9 36 20008 1 3 0

[14:25:53] [RECV] in 3 119 43846 48 27 3 100 100 0 0 0 -1 1 0 -1 - 2 -1 0 0 0 0 0 0 0 0

[14:25:53] [RECV] in 3 119 43845 48 21 0 100 100 0 0 0 -1 1 0 -1 - 2 -1 0 0 0 0 0 0 0 0

[14:25:53] [RECV] in 3 122 43844 43 24 5 100 100 0 0 0 -1 1 0 -1 - 2 -1 0 0 0 0 0 0 0 0

[14:25:53] [RECV] in 3 122 43843 42 38 5 100 100 0 0 0 -1 1 0 -1 - 2 -1 0 0 0 0 0 0 0 0

[14:25:53] [RECV] in 3 116 43842 37 28 0 100 100 0 0 0 -1 1 0 -1 - 2 -1 0 0 0 0 0 0 0 0

[14:25:53] [RECV] in 3 116 43841 36 47 0 100 100 0 0 0 -1 1 0 -1 - 2 -1 0 0 0 0 0 0 0 0

[14:25:53] [RECV] in 3 116 43840 36 42 6 100 100 0 0 0 -1 1 0 -1 - 2 -1 0 0 0 0 0 0 0 0

[14:25:53] [RECV] in 3 116 43839 36 34 4 100 100 0 0 0 -1 1 0 -1 - 2 -1 0 0 0 0 0 0 0 0

[14:25:53] [RECV] in 2 311 43838 27 45 4 100 100 0 0 0 -1 1 0 -1 - 2 -1 0 0 0 0 0 0 0 0

[14:25:53] [RECV] in 2 311 43837 27 40 2 100 100 0 0 0 -1 1 0 -1 - 2 -1 0 0 0 0 0 0 0 0

[14:25:54] [RECV] in 2 311 43836 27 30 5 100 100 0 0 0 -1 1 0 -1 - 2 -1 0 0 0 0 0 0 0 0

[14:25:54] [RECV] in 2 311 43835 27 23 4 100 100 0 0 0 -1 1 0 -1 - 2 -1 0 0 0 0 0 0 0 0

[14:25:54] [RECV] in 2 311 43834 26 34 0 100 100 0 0 0 -1 1 0 -1 - 2 -1 0 0 0 0 0 0 0 0

[14:25:54] [RECV] in 2 312 43833 23 24 7 100 100 0 0 0 -1 1 0 -1 - 2 -1 0 0 0 0 0 0 0 0

[14:25:54] [RECV] in 2 310 43832 23 22 0 100 100 0 0 0 -1 1 0 -1 - 2 -1 0 0 0 0 0 0 0 0

[14:25:54] [RECV] in 2 312 43831 22 51 1 100 100 0 0 0 -1 1 0 -1 - 2 -1 0 0 0 0 0 0 0 0

[14:25:54] [RECV] in 2 312 43830 22 48 3 100 100 0 0 0 -1 1 0 -1 - 2 -1 0 0 0 0 0 0 0 0

[14:25:54] [RECV] in 2 312 43829 22 44 4 100 100 0 0 0 -1 1 0 -1 - 2 -1 0 0 0 0 0 0 0 0

[14:25:54] [RECV] in 2 312 43828 22 40 2 100 100 0 0 0 -1 1 0 -1 - 2 -1 0 0 0 0 0 0 0 0

[14:25:54] [RECV] in 2 310 43827 22 36 6 100 100 0 0 0 -1 1 0 -1 - 2 -1 0 0 0 0 0 0 0 0

[14:25:54] [RECV] in 2 310 43826 22 32 1 100 100 0 0 0 -1 1 0 -1 - 2 -1 0 0 0 0 0 0 0 0

[14:25:54] [RECV] in 2 310 43825 22 27 7 100 100 0 0 0 -1 1 0 -1 - 2 -1 0 0 0 0 0 0 0 0

[14:25:54] [RECV] in 2 310 43824 22 18 4 100 100 0 0 0 -1 1 0 -1 - 2 -1 0 0 0 0 0 0 0 0

[14:25:54] [RECV] in 9 1001 54665 42 11 1 0 0 0

[14:25:54] [RECV] eff 3 43845 826

[14:25:54] [RECV] rsfm 29 2 0 0

[14:25:54] [RECV] evnt 1 0 2020 2100

[14:25:54] [SEND] walk 17 35 1 14
[14:25:55] [SEND] walk 19 35 0 14
[14:25:56] [SEND] walk 24 35 0 14
[14:25:56] [RECV] su 3 43840 2 43837 0 12 11 200 0 0 1 96 173 0 0

[14:25:57] [SEND] walk 23 35 1 14
[14:25:57] [RECV] eff 1 148962 15

[14:25:57] [RECV] su 1 148962 3 43841 855 8 11 4001 0 0 0 0 14053 0 0

[14:25:58] [RECV] su 2 43828 3 43840 0 12 11 514 0 0 1 98 51 0 0

[14:25:58] [SEND] walk 28 35 0 14
[14:25:58] [RECV] eff 3 43845 826

[14:25:58] [SEND] walk 29 35 1 14
[14:25:58] [RECV] su 2 43833 3 43842 0 12 11 514 0 0 1 98 35 0 0

[14:25:58] [SEND] walk 26 35 1 14
[14:25:58] [RECV] su 2 43830 3 43840 0 12 11 514 0 0 1 98 0 4 0

[14:25:59] [RECV] su 2 43838 3 43840 0 12 11 200 0 0 1 96 57 0 0

[14:25:59] [RECV] eff 1 148962 15

[14:25:59] [RECV] su 1 148962 3 43843 855 8 11 4001 0 0 0 0 13083 0 0

[14:25:59] [RECV] su 3 43842 2 43833 0 12 11 200 0 0 1 93 207 0 0

[14:25:59] [RECV] su 3 43840 2 43837 0 12 11 200 0 0 1 94 161 0 0

[14:25:59] [RECV] su 2 43837 3 43840 0 12 11 200 0 0 1 93 85 0 0

[14:26:00] [SEND] walk 31 35 0 14
[14:26:00] [SEND] walk 28 35 0 14
[14:26:00] [RECV] eff 3 43839 5000

[14:26:00] [RECV] eff 1 148962 15

[14:26:00] [RECV] su 1 148962 3 43840 855 8 11 4001 0 0 0 0 13562 0 0

[14:26:00] [RECV] in 3 116 43903 36 52 7 100 100 0 0 0 -1 0 0 -1 - 2 -1 0 0 0 0 0 0 0 0

[14:26:00] [RECV] in 3 116 43904 37 16 0 100 100 0 0 0 -1 0 0 -1 - 2 -1 0 0 0 0 0 0 0 0

[14:26:01] [RECV] in 3 116 43905 37 22 1 100 100 0 0 0 -1 0 0 -1 - 2 -1 0 0 0 0 0 0 0 0

[14:26:01] [SEND] walk 31 31 0 14
[14:26:01] [RECV] su 2 43835 3 43842 0 12 11 200 0 0 1 98 0 1 0

[14:26:01] [RECV] su 2 43833 3 43842 0 12 11 514 0 0 1 98 22 0 0

[14:26:01] [SEND] walk 28 34 0 14
[14:26:01] [RECV] su 2 43834 2 43834 0 12 11 200 0 0 1 100 0 2 0

[14:26:01] [RECV] su 1 148962 3 43839 855 8 11 4001 0 0 0 0 8187 0 0

[14:26:02] [RECV] su 2 43836 3 43842 0 12 11 200 0 0 1 95 74 0 0

[14:26:02] [SEND] walk 28 29 0 14
[14:26:02] [SEND] walk 28 33 1 14
[14:26:03] [RECV] su 1 148962 3 43842 855 8 11 4001 0 0 0 0 7779 0 0

[14:26:03] [RECV] eff 3 43845 826

[14:26:03] [SEND] walk 28 28 0 14
[14:26:03] [SEND] walk 28 31 0 14
[14:26:04] [RECV] su 2 43830 3 43903 0 12 11 514 0 0 1 98 42 0 0

[14:26:04] [RECV] su 1 148962 3 43905 855 8 11 4001 0 0 0 0 8249 0 0

[14:26:04] [RECV] in 3 122 43906 43 31 4 100 100 0 0 0 -1 0 0 -1 - 2 -1 0 0 0 0 0 0 0 0

[14:26:04] [RECV] in 3 122 43907 43 45 7 100 100 0 0 0 -1 0 0 -1 - 2 -1 0 0 0 0 0 0 0 0

[14:26:04] [RECV] in 3 119 43908 47 43 6 100 100 0 0 0 -1 0 0 -1 - 2 -1 0 0 0 0 0 0 0 0

[14:26:04] [RECV] su 3 43903 2 43830 0 12 11 200 0 0 1 93 194 0 0

[14:26:04] [SEND] walk 28 26 0 14
[14:26:05] [SEND] walk 28 27 1 14
[14:26:05] [RECV] su 2 43831 3 43903 0 12 11 514 0 0 1 98 0 4 0

[14:26:06] [RECV] su 1 148962 3 43904 855 8 11 4001 0 0 0 0 7823 0 0

[14:26:06] [RECV] su 2 43833 2 43833 0 12 11 514 0 0 1 96 0 2 0

[14:26:06] [RECV] su 2 43836 3 43844 0 12 11 200 0 0 1 98 47 0 0

[14:26:06] [RECV] su 2 43829 3 43903 0 12 11 514 0 0 1 97 24 0 0

[14:26:06] [SEND] walk 33 27 0 14
[14:26:06] [SEND] walk 29 27 0 14
[14:26:06] [RECV] su 2 43828 3 43903 0 12 11 514 0 0 1 96 29 0 0

[14:26:06] [RECV] su 3 43844 2 43836 0 12 11 200 0 0 1 92 343 0 0

[14:26:07] [RECV] su 2 43837 3 43903 0 12 11 200 0 0 1 94 62 0 0

[14:26:07] [RECV] eff 1 148962 15

[14:26:07] [RECV] su 1 148962 3 43844 855 8 11 4001 0 0 0 0 13387 0 0

[14:26:07] [RECV] in 3 119 43909 48 36 6 100 100 0 0 0 -1 0 0 -1 - 2 -1 0 0 0 0 0 0 0 0

[14:26:07] [RECV] in 3 119 43910 48 49 4 100 100 0 0 0 -1 0 0 -1 - 2 -1 0 0 0 0 0 0 0 0

[14:26:07] [RECV] su 2 43830 3 43903 0 12 11 514 0 0 1 94 0 4 0

[14:26:07] [RECV] su 2 43827 3 43907 0 12 11 200 0 0 1 100 0 1 0

[14:26:07] [SEND] walk 34 27 1 14
[14:26:08] [SEND] walk 31 27 1 14
[14:26:08] [RECV] eff 3 43845 826

[14:26:08] [RECV] su 2 43838 3 43903 0 12 11 200 0 0 1 91 97 0 0

[14:26:08] [RECV] su 2 43831 3 43903 0 12 11 514 0 0 1 89 59 0 0

[14:26:08] [RECV] eff 1 148962 15

[14:26:08] [RECV] su 1 148962 3 43906 855 8 11 4001 0 0 0 0 13433 0 0

[14:26:09] [RECV] su 3 43903 2 43830 0 12 11 200 0 0 1 88 212 0 0

[14:26:09] [RECV] su 3 43907 2 43827 0 12 11 200 0 0 1 93 238 0 0

[14:26:09] [SEND] walk 31 32 0 14
[14:26:09] [RECV] su 2 43828 3 43903 0 12 11 514 0 0 1 88 24 0 0

[14:26:09] [SEND] walk 31 29 0 14
[14:26:09] [RECV] su 2 43829 3 43903 0 12 11 514 0 0 1 87 57 0 0

[14:26:10] [RECV] su 1 148962 3 43907 855 8 11 4001 0 0 0 0 7355 0 0

[14:26:10] [SEND] walk 31 34 0 14
[14:26:10] [SEND] walk 31 35 0 14
[14:26:11] [RECV] su 2 43837 3 43903 0 12 11 200 0 0 1 84 92 0 0

[14:26:11] [RECV] msg 1 Dans 10 secondes 50 ~ 70Le Brise-glace va commencer pour tous les niveaux.

[14:26:11] [RECV] su 2 43831 3 43903 0 12 11 514 0 0 1 82 46 0 0

[14:26:11] [RECV] su 3 43903 2 43838 0 12 11 200 0 0 1 95 202 0 0

[14:26:11] [SEND] walk 31 40 0 14
[14:26:12] [SEND] walk 31 36 1 14
[14:26:12] [RECV] su 3 43909 2 43827 0 10 11 1004 0 0 1 91 129 0 0

[14:26:12] [RECV] su 2 43830 3 43903 0 12 11 514 0 0 1 82 16 0 0

[14:26:12] [RECV] eff 1 148962 15

[14:26:12] [RECV] su 1 148962 3 43903 855 8 11 4001 0 0 0 0 13548 0 0

[14:26:12] [RECV] su 2 43829 2 43829 0 12 11 514 0 0 1 100 0 2 0

[14:26:12] [RECV] su 2 43828 2 43828 0 12 11 514 0 0 1 100 0 2 0

[14:26:13] [SEND] walk 36 36 0 14
[14:26:13] [RECV] eff 3 43845 826

[14:26:13] [SEND] walk 34 36 1 14
[14:26:14] [RECV] eff 1 148962 15

[14:26:14] [RECV] su 1 148962 3 43846 855 8 11 4001 0 0 0 0 13966 0 0

[14:26:14] [RECV] su 3 43908 2 43827 0 10 11 1004 0 0 1 88 150 0 0

[14:26:14] [SEND] walk 39 36 0 14
[14:26:14] [SEND] walk 35 36 0 14
[14:26:14] [RECV] su 3 43909 2 43827 0 10 11 1004 0 0 1 88 0 4 0

[14:26:15] [RECV] su 1 148962 3 43909 855 8 11 4001 0 0 0 0 7794 0 0

[14:26:15] [SEND] walk 40 36 1 14
[14:26:15] [SEND] walk 36 36 0 14
[14:26:16] [RECV] eff 1 148962 15

[14:26:16] [RECV] su 1 148962 3 43908 855 8 11 4001 0 0 0 0 14029 0 0

[14:26:16] [SEND] walk 41 35 1 14
[14:26:17] [SEND] walk 44 32 1 14
[14:26:18] [RECV] eff 3 43845 826

[14:26:18] [SEND] walk 45 31 1 14
[14:26:19] [RECV] eff 1 148962 15

[14:26:19] [RECV] su 1 148962 3 43845 855 8 11 4001 0 0 0 0 13243 0 0

[14:26:19] [RECV] eff 3 43910 826

[14:26:19] [SEND] walk 45 36 0 14
[14:26:20] [SEND] walk 45 41 0 14
[14:26:21] [RECV] msg 1 Le Brise-glace a commencé.

[14:26:21] [RECV] eff 3 43910 826

[14:26:22] [RECV] su 1 148962 3 43910 855 8 11 4001 0 0 0 0 7700 0 0

[14:26:22] [SEND] walk 47 37 0 14
[14:26:23] [RECV] rsfn 3 7 0

[14:26:23] [SEND] walk 49 35 0 14
[14:26:24] [RECV] gp 58 37 20010 2 1 0

[14:26:24] [RECV] gp 9 36 20008 1 3 0

[14:26:24] [RECV] in 2 311 43838 29 48 4 100 100 0 0 0 -1 1 0 -1 - 2 -1 0 0 0 0 0 0 0 0

[14:26:24] [RECV] in 2 311 43837 35 47 2 100 100 0 0 0 -1 1 0 -1 - 2 -1 0 0 0 0 0 0 0 0

[14:26:24] [RECV] in 2 311 43836 45 22 5 100 100 0 0 0 -1 1 0 -1 - 2 -1 0 0 0 0 0 0 0 0

[14:26:24] [RECV] in 2 311 43835 32 30 4 100 100 0 0 0 -1 1 0 -1 - 2 -1 0 0 0 0 0 0 0 0

[14:26:24] [RECV] in 2 311 43834 39 40 0 100 100 0 0 0 -1 1 0 -1 - 2 -1 0 0 0 0 0 0 0 0

[14:26:24] [RECV] in 2 312 43833 29 22 7 100 100 0 0 0 -1 1 0 -1 - 2 -1 0 0 0 0 0 0 0 0

[14:26:24] [RECV] in 2 310 43832 22 29 0 100 100 0 0 0 -1 1 0 -1 - 2 -1 0 0 0 0 0 0 0 0

[14:26:24] [RECV] in 2 312 43831 30 51 1 100 100 0 0 0 -1 1 0 -1 - 2 -1 0 0 0 0 0 0 0 0

[14:26:24] [RECV] in 2 312 43830 34 55 3 95 100 0 0 0 -1 1 0 -1 - 2 -1 0 0 0 0 0 0 0 0

[14:26:25] [RECV] in 2 312 43829 24 47 4 100 100 0 0 0 -1 1 0 -1 - 2 -1 0 0 0 0 0 0 0 0

[14:26:25] [RECV] in 2 312 43828 39 43 2 100 100 0 0 0 -1 1 0 -1 - 2 -1 0 0 0 0 0 0 0 0

[14:26:25] [RECV] in 2 310 43827 40 39 6 93 100 0 0 0 -1 1 0 -1 - 2 -1 0 0 0 0 0 0 0 0

[14:26:25] [RECV] in 2 310 43826 23 40 1 100 100 0 0 0 -1 1 0 -1 - 2 -1 0 0 0 0 0 0 0 0

[14:26:25] [RECV] in 2 310 43825 25 15 7 100 100 0 0 0 -1 1 0 -1 - 2 -1 0 0 0 0 0 0 0 0

[14:26:25] [RECV] in 2 310 43824 27 23 4 100 100 0 0 0 -1 1 0 -1 - 2 -1 0 0 0 0 0 0 0 0

[14:26:25] [RECV] in 9 1001 54665 42 11 1 0 0 0

[14:26:25] [RECV] msg 0 Une porte s'est ouverte.

[14:26:25] [RECV] evnt 1 0 1710 2100

[14:26:25] [RECV] evnt 1 0 4110 4110

[14:26:25] [RECV] npc_req 1 148962 6134

[14:26:25] [RECV] evnt 3 1 -1 -1

[14:26:25] [RECV] evnt 3 1 -1 -1

[14:26:26] [RECV] evnt 1 0 4110 4110

[14:26:26] [SEND] walk 53 36 0 14
[14:26:27] [SEND] walk 56 36 0 14
[14:26:28] [SEND] walk 57 37 1 14
[14:26:28] [SEND] preq
[14:26:28] [RECV] rsfn 3 7 0

[14:26:28] [RECV] at 148962 2100 9 36 2 0 50 2 -1

[14:26:28] [RECV] npc_req 1 148962 6135

[14:26:28] [RECV] evnt 1 0 4090 4110

[14:26:29] [RECV] gp 9 36 20009 1 3 0

[14:26:29] [RECV] in 2 311 43855 24 45 2 100 100 0 0 0 -1 1 0 -1 - 2 -1 0 0 0 0 0 0 0 0

[14:26:29] [RECV] in 2 311 43854 24 39 7 100 100 0 0 0 -1 1 0 -1 - 2 -1 0 0 0 0 0 0 0 0

[14:26:29] [RECV] in 2 311 43853 24 28 4 100 100 0 0 0 -1 1 0 -1 - 2 -1 0 0 0 0 0 0 0 0

[14:26:29] [RECV] in 2 311 43852 24 23 6 100 100 0 0 0 -1 1 0 -1 - 2 -1 0 0 0 0 0 0 0 0

[14:26:29] [RECV] in 2 311 43851 23 34 4 100 100 0 0 0 -1 1 0 -1 - 2 -1 0 0 0 0 0 0 0 0

[14:26:29] [RECV] in 2 310 43850 18 47 7 100 100 0 0 0 -1 1 0 -1 - 2 -1 0 0 0 0 0 0 0 0

[14:26:29] [RECV] in 2 310 43849 18 38 5 100 100 0 0 0 -1 1 0 -1 - 2 -1 0 0 0 0 0 0 0 0

[14:26:29] [RECV] in 2 310 43848 18 29 2 100 100 0 0 0 -1 1 0 -1 - 2 -1 0 0 0 0 0 0 0 0

[14:26:29] [RECV] in 2 310 43847 18 23 2 100 100 0 0 0 -1 1 0 -1 - 2 -1 0 0 0 0 0 0 0 0

[14:26:29] [RECV] in 9 1042 54666 28 57 1 0 0 0

[14:26:30] [RECV] evnt 1 0 4090 4110

[14:26:30] [RECV] gp 9 36 20009 1 3 0

[14:26:30] [RECV] in 3 121 43863 39 43 2 100 100 0 0 0 -1 1 0 -1 - 2 -1 0 0 0 0 0 0 0 0

[14:26:30] [RECV] in 3 121 43862 37 55 0 100 100 0 0 0 -1 1 0 -1 - 2 -1 0 0 0 0 0 0 0 0

[14:26:30] [RECV] in 3 116 43861 36 27 0 100 100 0 0 0 -1 1 0 -1 - 2 -1 0 0 0 0 0 0 0 0

[14:26:30] [RECV] in 3 116 43860 36 23 6 100 100 0 0 0 -1 1 0 -1 - 2 -1 0 0 0 0 0 0 0 0

[14:26:30] [RECV] in 3 116 43859 35 45 0 100 100 0 0 0 -1 1 0 -1 - 2 -1 0 0 0 0 0 0 0 0

[14:26:30] [RECV] in 3 116 43858 35 34 2 100 100 0 0 0 -1 1 0 -1 - 2 -1 0 0 0 0 0 0 0 0

[14:26:30] [RECV] in 3 116 43857 34 51 3 100 100 0 0 0 -1 1 0 -1 - 2 -1 0 0 0 0 0 0 0 0

[14:26:30] [RECV] in 3 122 43856 34 14 4 100 100 0 0 0 -1 1 0 -1 - 2 -1 0 0 0 0 0 0 0 0

[14:26:30] [RECV] in 2 311 43855 24 45 2 100 100 0 0 0 -1 1 0 -1 - 2 -1 0 0 0 0 0 0 0 0

[14:26:31] [RECV] in 2 311 43854 24 39 7 100 100 0 0 0 -1 1 0 -1 - 2 -1 0 0 0 0 0 0 0 0

[14:26:31] [RECV] in 2 311 43853 24 28 4 100 100 0 0 0 -1 1 0 -1 - 2 -1 0 0 0 0 0 0 0 0

[14:26:31] [RECV] in 2 311 43852 24 23 6 100 100 0 0 0 -1 1 0 -1 - 2 -1 0 0 0 0 0 0 0 0

[14:26:31] [RECV] in 2 311 43851 23 34 4 100 100 0 0 0 -1 1 0 -1 - 2 -1 0 0 0 0 0 0 0 0

[14:26:31] [RECV] in 2 310 43850 18 47 7 100 100 0 0 0 -1 1 0 -1 - 2 -1 0 0 0 0 0 0 0 0

[14:26:31] [RECV] in 2 310 43849 18 38 5 100 100 0 0 0 -1 1 0 -1 - 2 -1 0 0 0 0 0 0 0 0

[14:26:31] [RECV] in 2 310 43848 18 29 2 100 100 0 0 0 -1 1 0 -1 - 2 -1 0 0 0 0 0 0 0 0

[14:26:31] [RECV] in 2 310 43847 18 23 2 100 100 0 0 0 -1 1 0 -1 - 2 -1 0 0 0 0 0 0 0 0

[14:26:31] [RECV] in 9 1042 54666 28 57 1 0 0 0

[14:26:31] [RECV] eff 3 43858 826

[14:26:31] [RECV] rsfm 29 2 0 0

[14:26:31] [RECV] evnt 1 0 4080 4110

[14:26:31] [RECV] msg 1 Le délai du Brise-glace est écoulé.

[14:26:31] [SEND] walk 14 36 0 14
[14:26:32] [SEND] walk 16 38 0 14
[14:26:33] [SEND] walk 20 37 0 14
[14:26:33] [SEND] walk 24 39 0 14
[14:26:34] [RECV] eff 2 43854 5004

[14:26:34] [RECV] su 2 43851 3 43858 0 12 11 200 0 0 1 96 95 0 0

[14:26:34] [RECV] su 3 43858 2 43851 0 12 11 200 0 0 1 96 155 0 0

[14:26:34] [RECV] eff 2 43855 5004

[14:26:35] [RECV] eff 1 148962 15

[14:26:35] [RECV] su 1 148962 3 43858 855 8 11 4001 0 0 0 0 14226 0 0

[14:26:35] [RECV] su 2 43848 2 43848 0 12 11 200 0 0 1 100 0 2 0

[14:26:35] [SEND] walk 29 39 0 14
[14:26:35] [RECV] eff 3 43862 826

[14:26:35] [RECV] su 2 43852 3 43856 0 12 11 200 0 0 1 99 33 0 0

[14:26:35] [SEND] walk 26 39 0 14
[14:26:36] [RECV] su 3 43857 2 43850 0 12 11 200 0 0 1 100 0 1 0

[14:26:36] [RECV] su 2 43850 3 43857 0 12 11 200 0 0 1 99 14 0 0

[14:26:36] [RECV] eff 2 43854 5005

[14:26:36] [RECV] su 1 148962 3 43861 855 8 11 4001 0 0 0 0 7899 0 0

[14:26:36] [RECV] eff 2 43849 6003

[14:26:36] [RECV] su 3 43863 2 43849 0 12 11 200 0 0 1 93 235 0 0

[14:26:36] [RECV] eff 2 43852 6007

[14:26:36] [RECV] su 3 43856 2 43852 0 12 11 200 0 0 1 95 225 0 0

[14:26:37] [RECV] eff 1 148962 15

[14:26:37] [RECV] su 1 148962 3 43863 855 8 11 4001 0 0 0 0 13349 0 0

[14:26:38] [SEND] walk 31 39 1 14
[14:26:38] [RECV] su 2 43851 3 43862 0 12 11 200 0 0 1 96 84 0 0

[14:26:38] [SEND] walk 28 39 1 14
[14:26:38] [RECV] eff 3 43859 5000

[14:26:38] [RECV] su 2 43852 3 43856 0 12 11 200 0 0 1 98 17 0 0

[14:26:38] [RECV] eff 2 43850 6007

[14:26:38] [RECV] su 3 43857 2 43850 0 12 11 200 0 0 1 95 164 0 0

[14:26:39] [RECV] su 2 43848 3 43862 0 12 11 200 0 0 1 95 45 0 0

[14:26:39] [RECV] su 1 148962 3 43862 855 8 11 4001 0 0 0 0 7968 0 0

[14:26:39] [SEND] walk 32 36 0 14
[14:26:39] [RECV] su 2 43850 3 43857 0 12 11 200 0 0 1 99 11 0 0

[14:26:39] [SEND] walk 30 38 0 14
[14:26:39] [RECV] eff 3 43859 826

[14:26:40] [RECV] eff 3 43859 826

[14:26:40] [RECV] su 1 148962 3 43859 855 8 11 4001 0 0 0 0 8074 0 0

[14:26:40] [RECV] in 3 121 43917 40 34 6 100 100 0 0 0 -1 0 0 -1 - 2 -1 0 0 0 0 0 0 0 0

[14:26:40] [RECV] in 3 121 43918 40 48 2 100 100 0 0 0 -1 0 0 -1 - 2 -1 0 0 0 0 0 0 0 0

[14:26:40] [RECV] in 3 122 43919 40 57 4 100 100 0 0 0 -1 0 0 -1 - 2 -1 0 0 0 0 0 0 0 0

[14:26:40] [RECV] in 3 121 43920 41 17 3 100 100 0 0 0 -1 0 0 -1 - 2 -1 0 0 0 0 0 0 0 0

[14:26:40] [RECV] eff 3 43920 826

[14:26:41] [RECV] su 2 43852 3 43856 0 12 11 200 0 0 1 97 34 0 0

[14:26:41] [RECV] su 3 43857 2 43850 0 12 11 200 0 0 1 90 152 0 0

[14:26:42] [RECV] su 1 148962 3 43857 855 8 11 4001 0 0 0 0 7890 0 0

[14:26:42] [SEND] walk 30 33 0 14
[14:26:43] [RECV] su 3 43856 2 43852 0 12 11 200 0 0 1 87 275 0 0

[14:26:43] [RECV] su 1 148962 3 43856 855 8 11 4001 0 0 0 0 7568 0 0

[14:26:44] [SEND] walk 30 28 1 14
[14:26:44] [RECV] eff 3 43920 826

[14:26:45] [SEND] walk 32 24 0 14
[14:26:45] [SEND] walk 30 26 0 14
[14:26:46] [RECV] su 1 148962 3 43920 855 8 11 4001 0 0 0 0 7894 0 0

[14:26:46] [RECV] in 3 121 43921 42 23 1 100 100 0 0 0 -1 0 0 -1 - 2 -1 0 0 0 0 0 0 0 0

[14:26:46] [RECV] in 3 121 43922 42 28 7 100 100 0 0 0 -1 0 0 -1 - 2 -1 0 0 0 0 0 0 0 0

[14:26:46] [RECV] in 3 122 43923 43 14 5 100 100 0 0 0 -1 0 0 -1 - 2 -1 0 0 0 0 0 0 0 0

[14:26:46] [RECV] in 3 119 43924 44 28 4 100 100 0 0 0 -1 0 0 -1 - 2 -1 0 0 0 0 0 0 0 0

[14:26:46] [RECV] in 3 119 43925 45 21 6 100 100 0 0 0 -1 0 0 -1 - 2 -1 0 0 0 0 0 0 0 0

[14:26:46] [SEND] walk 35 26 1 14
[14:26:46] [SEND] walk 31 26 0 14
[14:26:46] [RECV] eff 3 43917 826

[14:26:47] [RECV] eff 1 148962 15

[14:26:47] [RECV] su 1 148962 3 43860 855 8 11 4001 0 0 0 0 13485 0 0

[14:26:47] [RECV] eff 1 148962 15

[14:26:47] [RECV] su 1 148962 3 43921 855 8 11 4001 0 0 0 0 13723 5 0

[14:26:47] [RECV] in 3 119 43926 45 35 2 100 100 0 0 0 -1 0 0 -1 - 2 -1 0 0 0 0 0 0 0 0

[14:26:47] [RECV] in 3 119 43927 45 42 7 100 100 0 0 0 -1 0 0 -1 - 2 -1 0 0 0 0 0 0 0 0

[14:26:47] [RECV] in 3 119 43928 45 50 5 100 100 0 0 0 -1 0 0 -1 - 2 -1 0 0 0 0 0 0 0 0

[14:26:47] [RECV] in 3 122 43929 49 21 4 100 100 0 0 0 -1 0 0 -1 - 2 -1 0 0 0 0 0 0 0 0

[14:26:48] [RECV] su 1 148962 3 43917 855 8 11 4001 0 0 0 0 7803 0 0

[14:26:48] [RECV] eff 3 43924 826

[14:26:49] [RECV] eff 1 148962 15

[14:26:49] [RECV] su 1 148962 3 43922 855 8 11 4001 0 0 0 0 13114 0 0

[14:26:50] [RECV] eff 3 43924 826

[14:26:50] [RECV] su 1 148962 3 43923 855 8 11 4001 0 0 0 0 7721 0 0

[14:26:50] [SEND] walk 36 26 0 14
[14:26:52] [SEND] walk 39 29 0 14
[14:26:52] [SEND] walk 37 27 1 14
[14:26:52] [RECV] eff 1 148962 15

[14:26:52] [RECV] su 1 148962 3 43924 855 8 11 4001 0 0 0 0 14065 0 0

[14:26:52] [RECV] in 3 122 43930 49 53 6 100 100 0 0 0 -1 0 0 -1 - 2 -1 0 0 0 0 0 0 0 0

[14:26:52] [RECV] in 3 122 43931 51 31 0 100 100 0 0 0 -1 0 0 -1 - 2 -1 0 0 0 0 0 0 0 0

[14:26:52] [RECV] in 3 122 43932 51 46 2 100 100 0 0 0 -1 0 0 -1 - 2 -1 0 0 0 0 0 0 0 0

[14:26:52] [SEND] walk 32 26 1 14
[14:26:53] [SEND] walk 36 27 0 14
[14:26:53] [RECV] eff 3 43918 826

[14:26:53] [RECV] su 1 148962 3 43925 855 8 11 4001 0 0 0 0 8170 0 0

[14:26:54] [RECV] eff 3 43918 826

[14:26:54] [RECV] su 2 43848 3 43926 0 12 11 200 0 0 1 99 26 0 0

[14:26:54] [RECV] eff 1 148962 15

[14:26:54] [RECV] su 1 148962 3 43929 855 8 11 4001 0 0 0 0 13146 0 0

[14:26:54] [RECV] su 3 43926 2 43849 0 10 11 1004 0 0 1 95 169 0 0

[14:26:55] [SEND] walk 36 32 0 14
[14:26:55] [SEND] walk 36 29 0 14
[14:26:56] [RECV] su 1 148962 3 43926 855 8 11 4001 0 0 0 0 7750 0 0

[14:26:56] [SEND] walk 41 30 0 14
[14:26:58] [RECV] su 1 148962 3 43931 855 8 11 4001 0 0 0 0 7563 0 0

[14:26:58] [SEND] walk 41 35 1 14
[14:26:58] [SEND] walk 41 31 0 14
[14:26:59] [RECV] su 1 148962 3 43927 855 8 11 4001 0 0 0 0 7921 0 0

[14:26:59] [RECV] eff 3 43918 826

[14:26:59] [SEND] walk 41 36 0 14
[14:26:59] [SEND] walk 41 32 1 14
[14:27:00] [RECV] su 1 148962 3 43932 855 8 11 4001 0 0 0 0 7635 0 0

[14:27:01] [SEND] walk 41 37 0 14
[14:27:02] [SEND] walk 41 42 0 14
[14:27:02] [SEND] walk 41 40 0 14
[14:27:02] [RECV] su 1 148962 3 43928 855 8 11 4001 0 0 0 0 7705 0 0

[14:27:03] [SEND] walk 41 45 0 14
[14:27:03] [SEND] walk 41 41 1 14
[14:27:04] [RECV] su 1 148962 3 43918 855 8 11 4001 0 0 0 0 8056 0 0

[14:27:04] [SEND] walk 41 46 0 14
[14:27:04] [RECV] eff 3 43919 826

[14:27:04] [SEND] walk 41 43 0 14
[14:27:04] [RECV] eff 3 43919 826

[14:27:05] [RECV] su 1 148962 3 43919 855 8 11 4001 0 0 0 0 7423 0 0

[14:27:06] [RECV] eff 3 43930 826

[14:27:06] [SEND] walk 41 48 0 14
[14:27:07] [RECV] eff 3 43930 826

[14:27:07] [RECV] su 1 148962 3 43930 855 8 11 4001 0 0 0 0 7680 0 0

[14:27:09] [RECV] rsfn 4 7 0

[14:27:10] [RECV] evnt 3 1 -1 -1

[14:27:10] [RECV] msg 1 Tu as réussi la mission éclair.

[14:27:10] [RECV] minfo 2 0 -1.0/0 -1.0/0 -1/0 -1.0/0 0 3 0

[14:27:10] [RECV] msg 0 Nouvel objectif de mission !

[14:27:10] [RECV] npc_req 1 148962 6136

[14:27:10] [RECV] evnt 10 0 -1 -1

[14:27:13] [RECV] minfo 2 0 -1.0/0 -1.0/0 -1/0 -1.0/0 0 3 0

[14:27:13] [RECV] msg 0 Nouvel objectif de mission !

[14:27:13] [RECV] evnt 10 0 -1 -1

[14:27:13] [RECV] rsfm 29 1 5 8

[14:27:16] [RECV] msg 0 Tu ne peux plus accepter aucune autre quête.

[14:27:21] [RECV] evnt 10 0 -1 -1
