[15:38:48] [RECV] rbr 36.0.0 4 15 46.99 4 713.1 526.1 -1.0 -1.0 -1.0 1016.2 -1.0 2127.1 1087.1 -1.0 4667.ArcheNey 0 0 Alliance avec les KovoltsLes Kenkos attaquent les Kovolts. Leur pays été occupé par les humains et maintenant leur existence même est menacée par les Kenkos. Aide-les et montre-leur que les humains ne sont pas mauvais et qu'ils peuvent même être de précieux amis.

[15:38:49] [RECV] at 148962 4201 15 10 2 0 51 2 -1

[15:38:49] [RECV] rsfn 4 11 0

[15:38:49] [RECV] rsfn 4 10 1

[15:38:49] [RECV] rsfn 3 10 1

[15:38:49] [RECV] rsfn 3 9 1

[15:38:49] [RECV] rsfn 3 8 1

[15:38:49] [RECV] rsfn 4 8 1

[15:38:49] [RECV] rsfn 5 8 1

[15:38:49] [RECV] rsfn 5 7 1

[15:38:49] [RECV] rsfn 6 7 1

[15:38:49] [RECV] rsfn 6 6 1

[15:38:49] [RECV] rsfn 5 6 1

[15:38:49] [RECV] rsfn 4 6 1

[15:38:49] [RECV] rsfn 4 5 1

[15:38:49] [RECV] rsfn 4 4 1

[15:38:49] [RECV] evnt 1 -1 2000 2000

[15:38:49] [RECV] rsfm 36 0 7 12

[15:38:49] [RECV] evnt 1 -1 2000 2000

[15:38:49] [RECV] minfo 0 1 -1.0/0 -1.0/0 -1/0 -1.0/0 1 3 0

[15:38:49] [RECV] msg 0 La mission commence dès que tu entres dans la première pièce.

[15:38:50] [RECV] gp 14 1 20010 0 0 0

[15:38:51] [SEND] walk 15 5 0 14
[15:38:52] [SEND] walk 15 2 0 14
[15:38:52] [SEND] preq
[15:38:53] [RECV] rsfn 4 11 0

[15:38:53] [RECV] at 148962 4209 14 28 2 0 51 2 -1

[15:38:53] [RECV] eff 3 49146 826

[15:38:53] [RECV] evnt 1 0 2000 2000

[15:38:53] [RECV] eff 3 49147 5000

[15:38:54] [RECV] gp 14 28 20009 0 2 0

[15:38:54] [RECV] gp 1 15 20011 0 3 0

[15:38:54] [RECV] in 3 67 49147 14 26 1 100 100 0 0 0 -1 1 0 -1 - 2 -1 0 0 0 0 0 0 0 0

[15:38:54] [RECV] in 3 61 49146 10 14 6 100 100 0 0 0 -1 1 0 -1 - 2 -1 0 0 0 0 0 0 0 0

[15:38:54] [RECV] in 3 61 49145 11 9 6 100 100 0 0 0 -1 1 0 -1 - 2 -1 0 0 0 0 0 0 0 0

[15:38:54] [SEND] walk 11 24 0 14
[15:38:54] [RECV] eff 3 49146 826

[15:38:55] [SEND] walk 8 21 0 14
[15:38:55] [SEND] walk 10 23 0 14
[15:38:55] [RECV] su 1 148962 3 49146 855 8 11 4001 0 0 0 0 11228 0 0

[15:38:55] [RECV] in 3 61 49210 18 14 6 100 100 0 0 0 -1 0 0 -1 - 2 -1 0 0 0 0 0 0 0 0

[15:38:56] [RECV] su 3 49147 1 148962 0 12 11 1007 0 0 1 100 0 1 0

[15:38:56] [RECV] eff 3 49210 826

[15:38:56] [SEND] walk 10 21 1 14
[15:38:57] [RECV] su 1 148962 3 49145 855 8 11 4001 0 0 0 0 10925 0 0

[15:38:57] [RECV] in 3 61 49215 17 17 7 100 100 0 0 0 -1 0 0 -1 - 2 -1 0 0 0 0 0 0 0 0

[15:38:57] [SEND] walk 9 17 0 14
[15:38:58] [SEND] walk 10 20 0 14
[15:38:58] [RECV] su 1 148962 3 49147 855 8 11 4001 0 0 0 0 9326 0 0

[15:38:58] [RECV] in 3 67 49216 7 16 6 100 100 0 0 0 -1 0 0 -1 - 2 -1 0 0 0 0 0 0 0 0

[15:38:58] [SEND] walk 10 15 1 14
[15:38:59] [RECV] eff 3 49216 5000

[15:38:59] [RECV] eff 3 49215 5000

[15:38:59] [SEND] walk 10 19 0 14
[15:38:59] [RECV] su 1 148962 3 49215 855 8 11 4001 0 0 0 0 11409 0 0

[15:38:59] [RECV] eff 3 49210 826

[15:39:01] [RECV] eff 1 148962 15

[15:39:01] [RECV] su 1 148962 3 49210 855 8 11 4001 0 0 0 0 19082 0 0

[15:39:01] [RECV] in 3 67 49221 19 9 7 100 100 0 0 0 -1 0 0 -1 - 2 -1 0 0 0 0 0 0 0 0

[15:39:01] [RECV] in 3 67 49222 22 15 2 100 100 0 0 0 -1 0 0 -1 - 2 -1 0 0 0 0 0 0 0 0

[15:39:01] [SEND] walk 7 17 0 14
[15:39:01] [RECV] su 3 49216 3 49216 0 12 11 1007 0 0 1 100 0 2 0

[15:39:01] [SEND] walk 9 19 1 14
[15:39:01] [RECV] eff 3 49221 826

[15:39:02] [RECV] eff 1 148962 15

[15:39:02] [RECV] su 1 148962 3 49216 855 8 11 4001 0 0 0 0 16124 0 0

[15:39:02] [SEND] walk 11 18 0 14
[15:39:03] [SEND] walk 12 17 0 14
[15:39:03] [RECV] su 1 148962 3 49221 855 8 11 4001 0 0 0 0 9279 0 0

[15:39:04] [RECV] eff 3 49222 826

[15:39:05] [RECV] eff 1 148962 15

[15:39:05] [RECV] su 1 148962 3 49222 855 8 11 4001 0 0 0 0 15609 0 0

[15:39:05] [RECV] rsfn 4 10 0

[15:39:06] [SEND] walk 7 16 0 14
[15:39:06] [RECV] rsfn 4 10 0

[15:39:06] [SEND] walk 4 16 0 14
[15:39:07] [SEND] walk 1 15 1 14
[15:39:08] [SEND] preq
[15:39:08] [RECV] rsfn 4 10 0

[15:39:08] [RECV] at 148962 4207 28 15 2 0 51 2 -1

[15:39:08] [RECV] eff 3 49152 826

[15:39:08] [RECV] npc_req 1 148962 6151

[15:39:08] [RECV] rsfm 36 2 0 0

[15:39:08] [RECV] evnt 1 0 1850 2000

[15:39:09] [RECV] gp 14 1 20012 1 0 0

[15:39:09] [RECV] gp 28 15 20010 1 1 0

[15:39:09] [RECV] in 3 149 49152 22 15 6 100 100 0 0 0 -1 1 0 -1 - 2 -1 0 0 0 0 0 0 0 0

[15:39:09] [RECV] in 3 149 49151 12 10 3 100 100 6151 0 0 -1 1 0 -1 - 2 -1 0 0 0 0 0 0 0 0

[15:39:09] [RECV] in 2 116 49150 19 21 0 100 100 0 0 0 -1 1 0 -1 - 2 -1 0 0 0 0 0 0 0 0

[15:39:09] [RECV] in 2 122 49149 14 19 1 100 100 0 0 0 -1 1 0 -1 - 2 -1 0 0 0 0 0 0 0 0

[15:39:09] [RECV] in 2 122 49148 8 17 3 100 100 0 0 0 -1 1 0 -1 - 2 -1 0 0 0 0 0 0 0 0

[15:39:09] [RECV] evnt 1 0 1850 2000

[15:39:09] [SEND] walk 23 15 0 14
[15:39:10] [SEND] walk 24 15 0 14
[15:39:10] [RECV] gp 14 1 20012 1 0 0

[15:39:10] [RECV] gp 28 15 20010 1 1 0

[15:39:10] [RECV] in 3 149 49152 22 16 6 100 100 0 0 0 -1 1 0 -1 - 2 -1 0 0 0 0 0 0 0 0

[15:39:10] [RECV] in 3 149 49151 13 9 3 100 100 0 0 0 -1 1 0 -1 - 2 -1 0 0 0 0 0 0 0 0

[15:39:10] [RECV] in 2 116 49150 21 17 0 100 100 0 0 0 -1 1 0 -1 - 2 -1 0 0 0 0 0 0 0 0

[15:39:10] [RECV] in 2 122 49149 14 19 1 100 100 0 0 0 -1 1 0 -1 - 2 -1 0 0 0 0 0 0 0 0

[15:39:10] [RECV] in 2 122 49148 8 17 3 100 100 0 0 0 -1 1 0 -1 - 2 -1 0 0 0 0 0 0 0 0

[15:39:10] [RECV] rsfm 36 2 0 0

[15:39:10] [RECV] evnt 1 0 1840 2000

[15:39:10] [RECV] eff 3 49152 5000

[15:39:10] [RECV] eff 1 148962 15

[15:39:10] [RECV] su 1 148962 3 49152 855 8 11 4001 0 0 0 0 17260 0 0

[15:39:11] [RECV] su 2 49150 2 49150 0 12 11 200 0 0 1 100 0 2 0

[15:39:11] [SEND] walk 19 15 1 14
[15:39:11] [RECV] eff 3 49151 826

[15:39:12] [RECV] eff 1 148962 15

[15:39:12] [RECV] su 1 148962 3 49151 855 8 11 4001 0 0 0 0 17728 0 0

[15:39:12] [RECV] in 3 152 49234 8 16 2 100 100 0 0 0 -1 0 0 -1 - 2 -1 0 0 0 0 0 0 0 0

[15:39:12] [RECV] in 3 149 49235 17 10 4 100 100 0 0 0 -1 0 0 -1 - 2 -1 0 0 0 0 0 0 0 0

[15:39:13] [RECV] eff 3 49235 5000

[15:39:13] [RECV] eff 3 49234 826

[15:39:13] [RECV] eff 1 148962 15

[15:39:13] [RECV] su 1 148962 3 49235 855 8 11 4001 0 0 0 0 18132 0 0

[15:39:13] [RECV] in 3 152 49236 15 17 0 100 100 0 0 0 -1 0 0 -1 - 2 -1 0 0 0 0 0 0 0 0

[15:39:13] [RECV] su 3 49234 2 49148 0 8 11 1009 0 0 1 89 719 0 0

[15:39:14] [RECV] eff 3 49236 5000

[15:39:14] [RECV] su 2 49149 3 49234 0 12 11 200 0 0 1 94 219 0 0

[15:39:15] [RECV] su 2 49148 3 49234 0 12 11 200 0 0 1 89 205 0 0

[15:39:15] [RECV] su 1 148962 3 49234 855 8 11 4001 0 0 0 0 10182 0 0

[15:39:15] [RECV] in 3 152 49237 21 19 6 100 100 0 0 0 -1 0 0 -1 - 2 -1 0 0 0 0 0 0 0 0

[15:39:15] [RECV] su 3 49236 1 148962 413 100 12 1025 0 0 1 100 0 1 0

[15:39:16] [RECV] su 2 49150 3 49236 0 12 11 200 0 0 1 98 67 0 0

[15:39:16] [RECV] eff 3 49237 826

[15:39:16] [RECV] eff 1 148962 15

[15:39:16] [RECV] su 1 148962 3 49236 855 8 11 4001 0 0 0 0 17585 0 0

[15:39:17] [RECV] in 3 152 49238 7 12 5 100 100 0 0 0 -1 0 0 -1 - 2 -1 0 0 0 0 0 0 0 0

[15:39:17] [SEND] walk 19 16 0 14
[15:39:17] [RECV] su 3 49237 2 49150 0 8 11 1009 0 0 1 87 671 0 0

[15:39:17] [RECV] su 3 49238 2 49149 0 8 11 1009 0 0 1 90 653 0 0

[15:39:18] [RECV] eff 1 148962 15

[15:39:18] [RECV] su 1 148962 3 49237 855 8 11 4001 0 0 0 0 16846 0 0

[15:39:18] [SEND] walk 14 16 0 14
[15:39:18] [SEND] walk 18 16 1 14
[15:39:18] [RECV] eff 3 49238 826

[15:39:18] [RECV] su 2 49149 3 49238 0 12 11 200 0 0 1 95 168 0 0

[15:39:19] [RECV] su 1 148962 3 49238 855 8 11 4001 0 0 0 0 10450 0 0

[15:39:19] [RECV] rsfn 3 10 0

[15:39:19] [SEND] walk 17 11 1 14
[15:39:19] [RECV] su 2 49148 2 49148 0 12 11 200 0 0 1 91 0 2 0

[15:39:20] [SEND] walk 17 8 1 14
[15:39:20] [RECV] gp 14 1 20012 2 0 0

[15:39:20] [RECV] gp 28 15 20010 1 1 0

[15:39:20] [RECV] in 2 116 49150 24 14 0 89 100 0 0 0 -1 1 0 -1 - 2 -1 0 0 0 0 0 0 0 0

[15:39:20] [RECV] in 2 122 49149 8 13 1 92 100 0 0 0 -1 1 0 -1 - 2 -1 0 0 0 0 0 0 0 0

[15:39:20] [RECV] in 2 122 49148 7 13 3 92 100 0 0 0 -1 1 0 -1 - 2 -1 0 0 0 0 0 0 0 0

[15:39:20] [RECV] msg 0 Une porte s'est ouverte.

[15:39:20] [RECV] evnt 1 0 1740 2000

[15:39:20] [RECV] gp 14 1 20012 2 0 0

[15:39:20] [RECV] gp 28 15 20010 2 1 0

[15:39:20] [RECV] in 2 116 49150 24 14 0 89 100 0 0 0 -1 1 0 -1 - 2 -1 0 0 0 0 0 0 0 0

[15:39:20] [RECV] in 2 122 49149 8 13 1 92 100 0 0 0 -1 1 0 -1 - 2 -1 0 0 0 0 0 0 0 0

[15:39:20] [RECV] in 2 122 49148 7 13 3 92 100 0 0 0 -1 1 0 -1 - 2 -1 0 0 0 0 0 0 0 0

[15:39:20] [RECV] msg 0 Une porte s'est ouverte.

[15:39:20] [RECV] evnt 1 0 1740 2000

[15:39:20] [RECV] evnt 1 0 3240 3240

[15:39:20] [RECV] msg 1 Tu as réussi la mission éclair.

[15:39:20] [RECV] evnt 3 1 -1 -1

[15:39:20] [RECV] evnt 3 1 -1 -1

[15:39:20] [RECV] rsfn 3 10 0

[15:39:21] [SEND] walk 15 6 0 14
[15:39:21] [SEND] walk 15 2 0 14
[15:39:21] [SEND] walk 14 1 0 14
[15:39:22] [SEND] preq
[15:39:22] [RECV] rsfn 3 10 0

[15:39:22] [RECV] at 148962 4206 14 28 2 0 51 2 -1

[15:39:22] [RECV] eff 3 49154 826

[15:39:22] [RECV] evnt 1 0 3220 3240

[15:39:23] [RECV] gp 14 1 20013 0 0 0

[15:39:23] [RECV] gp 14 28 20011 0 2 0

[15:39:23] [RECV] in 3 67 49154 22 15 7 100 100 0 0 0 -1 1 0 -1 - 2 -1 0 0 0 0 0 0 0 0

[15:39:23] [RECV] in 3 67 49153 22 8 1 100 100 0 0 0 -1 1 0 -1 - 2 -1 0 0 0 0 0 0 0 0

[15:39:23] [SEND] walk 14 23 1 14
[15:39:23] [RECV] eff 3 49154 826

[15:39:24] [SEND] walk 14 18 0 14
[15:39:24] [SEND] walk 14 22 0 14
[15:39:25] [RECV] eff 1 148962 15

[15:39:25] [RECV] su 1 148962 3 49154 855 8 11 4001 0 0 0 0 15437 0 0

[15:39:25] [RECV] in 3 61 49249 18 14 6 100 100 0 0 0 -1 0 0 -1 - 2 -1 0 0 0 0 0 0 0 0

[15:39:25] [SEND] walk 15 18 0 14
[15:39:25] [RECV] eff 3 49153 826

[15:39:26] [SEND] walk 14 20 1 14
[15:39:26] [RECV] su 1 148962 3 49153 855 8 11 4001 0 0 0 0 9499 0 0

[15:39:26] [RECV] in 3 61 49252 17 17 5 100 100 0 0 0 -1 0 0 -1 - 2 -1 0 0 0 0 0 0 0 0

[15:39:26] [SEND] walk 16 16 0 14
[15:39:27] [SEND] walk 13 14 0 14
[15:39:27] [RECV] eff 3 49249 826

[15:39:27] [RECV] eff 3 49252 5000

[15:39:27] [RECV] eff 3 49249 5000

[15:39:27] [SEND] walk 13 17 0 14
[15:39:28] [RECV] su 1 148962 3 49252 855 8 11 4001 0 0 0 0 11009 0 0

[15:39:28] [RECV] in 3 67 49255 7 16 1 100 100 0 0 0 -1 0 0 -1 - 2 -1 0 0 0 0 0 0 0 0

[15:39:28] [RECV] eff 3 49255 5000

[15:39:28] [RECV] eff 1 148962 15

[15:39:28] [RECV] su 1 148962 3 49249 855 8 11 4001 0 0 0 0 18388 0 0

[15:39:29] [SEND] walk 8 16 0 14
[15:39:29] [SEND] walk 12 12 0 14
[15:39:29] [SEND] walk 12 16 1 14
[15:39:29] [RECV] eff 3 49255 826

[15:39:30] [RECV] eff 1 148962 15

[15:39:30] [RECV] su 1 148962 3 49255 855 8 11 4001 0 0 0 0 16098 0 0

[15:39:30] [RECV] rsfn 3 9 0

[15:39:31] [SEND] walk 12 11 0 14
[15:39:31] [RECV] rsfn 3 9 0

[15:39:31] [SEND] walk 12 6 0 14
[15:39:32] [SEND] walk 12 4 1 14
[15:39:33] [SEND] walk 14 1 0 14
[15:39:33] [SEND] preq
[15:39:34] [RECV] rsfn 3 9 0

[15:39:34] [RECV] at 148962 4208 14 28 2 0 51 2 -1

[15:39:34] [RECV] eff 3 49159 826

[15:39:34] [RECV] npc_req 1 148962 6151

[15:39:34] [RECV] rsfm 36 2 0 0

[15:39:34] [RECV] evnt 1 0 3110 3240

[15:39:34] [RECV] gp 28 15 20014 1 1 0

[15:39:34] [RECV] gp 14 28 20012 1 2 0

[15:39:34] [RECV] in 3 149 49160 22 15 6 100 100 0 0 0 -1 1 0 -1 - 2 -1 0 0 0 0 0 0 0 0

[15:39:34] [RECV] in 3 149 49159 12 10 6 100 100 6151 0 0 -1 1 0 -1 - 2 -1 0 0 0 0 0 0 0 0

[15:39:34] [RECV] in 2 116 49158 21 17 7 100 100 0 0 0 -1 1 0 -1 - 2 -1 0 0 0 0 0 0 0 0

[15:39:34] [RECV] in 2 122 49157 12 20 3 100 100 0 0 0 -1 1 0 -1 - 2 -1 0 0 0 0 0 0 0 0

[15:39:34] [RECV] in 2 122 49156 9 21 5 100 100 0 0 0 -1 1 0 -1 - 2 -1 0 0 0 0 0 0 0 0

[15:39:34] [RECV] in 2 116 49155 6 19 0 100 100 0 0 0 -1 1 0 -1 - 2 -1 0 0 0 0 0 0 0 0

[15:39:35] [RECV] evnt 1 0 3110 3240

[15:39:35] [SEND] walk 14 23 1 14
[15:39:35] [RECV] su 3 49160 2 49158 0 12 11 1031 0 0 1 94 290 0 0

[15:39:36] [RECV] gp 28 15 20014 1 1 0

[15:39:36] [RECV] gp 14 28 20012 1 2 0

[15:39:36] [RECV] in 3 149 49160 22 15 6 100 100 0 0 0 -1 1 0 -1 - 2 -1 0 0 0 0 0 0 0 0

[15:39:36] [RECV] in 3 149 49159 14 12 6 100 100 0 0 0 -1 1 0 -1 - 2 -1 0 0 0 0 0 0 0 0

[15:39:36] [RECV] in 2 116 49158 21 16 7 95 100 0 0 0 -1 1 0 -1 - 2 -1 0 0 0 0 0 0 0 0

[15:39:36] [RECV] in 2 122 49157 10 20 3 100 100 0 0 0 -1 1 0 -1 - 2 -1 0 0 0 0 0 0 0 0

[15:39:36] [RECV] in 2 122 49156 9 21 5 100 100 0 0 0 -1 1 0 -1 - 2 -1 0 0 0 0 0 0 0 0

[15:39:36] [RECV] in 2 116 49155 7 21 0 100 100 0 0 0 -1 1 0 -1 - 2 -1 0 0 0 0 0 0 0 0

[15:39:36] [RECV] rsfm 36 2 0 0

[15:39:36] [RECV] evnt 1 0 3100 3240

[15:39:36] [SEND] walk 14 19 0 14
[15:39:36] [RECV] su 2 49158 3 49160 0 12 11 200 0 0 1 97 108 0 0

[15:39:36] [SEND] walk 14 22 0 14
[15:39:37] [RECV] eff 1 148962 15

[15:39:37] [RECV] su 1 148962 3 49159 855 8 11 4001 0 0 0 0 17224 0 0

[15:39:38] [RECV] eff 3 49160 826

[15:39:38] [RECV] su 1 148962 3 49160 855 8 11 4001 0 0 0 0 10291 0 0

[15:39:38] [RECV] in 3 152 49274 8 16 3 100 100 0 0 0 -1 0 0 -1 - 2 -1 0 0 0 0 0 0 0 0

[15:39:38] [RECV] in 3 149 49275 17 10 0 100 100 0 0 0 -1 0 0 -1 - 2 -1 0 0 0 0 0 0 0 0

[15:39:39] [RECV] eff 3 49274 826

[15:39:39] [SEND] walk 11 18 0 14
[15:39:39] [RECV] su 3 49274 2 49156 0 8 11 1009 0 0 1 87 794 0 0

[15:39:40] [RECV] su 1 148962 3 49274 855 8 11 4001 0 0 0 0 9983 0 0

[15:39:40] [RECV] in 3 152 49278 17 15 1 100 100 0 0 0 -1 0 0 -1 - 2 -1 0 0 0 0 0 0 0 0

[15:39:40] [SEND] walk 15 18 0 14
[15:39:40] [SEND] walk 12 18 0 14
[15:39:40] [RECV] eff 3 49278 826

[15:39:41] [RECV] su 1 148962 3 49275 855 8 11 4001 0 0 0 0 10677 0 0

[15:39:41] [RECV] in 3 152 49281 21 19 3 100 100 0 0 0 -1 0 0 -1 - 2 -1 0 0 0 0 0 0 0 0

[15:39:41] [SEND] walk 16 19 0 14
[15:39:41] [RECV] su 3 49278 2 49158 413 100 12 1025 0 0 1 74 1261 0 0

[15:39:41] [RECV] su 2 49158 3 49278 0 12 11 200 0 0 1 98 62 0 0

[15:39:41] [SEND] walk 13 18 1 14
[15:39:42] [RECV] su 1 148962 3 49278 855 8 11 4001 0 0 0 0 10280 0 0

[15:39:42] [RECV] in 3 152 49282 7 12 0 100 100 0 0 0 -1 0 0 -1 - 2 -1 0 0 0 0 0 0 0 0

[15:39:42] [SEND] walk 17 20 1 14
[15:39:42] [SEND] walk 14 18 0 14
[15:39:43] [RECV] eff 3 49281 826

[15:39:43] [RECV] eff 1 148962 15

[15:39:43] [RECV] su 1 148962 3 49281 855 8 11 4001 0 0 0 0 17593 0 0

[15:39:43] [SEND] walk 11 18 0 14
[15:39:44] [RECV] su 3 49282 2 49155 0 8 11 1009 0 0 1 100 0 1 0

[15:39:44] [SEND] walk 13 18 1 14
[15:39:44] [RECV] eff 3 49282 826

[15:39:44] [RECV] su 2 49155 3 49282 0 12 11 200 0 0 1 99 31 0 0

[15:39:44] [RECV] eff 1 148962 15

[15:39:44] [RECV] su 1 148962 3 49282 855 8 11 4001 0 0 0 0 17055 0 0

[15:39:44] [RECV] in 3 146 49293 10 13 4 100 100 0 0 0 -1 0 0 -1 - 2 -1 0 0 0 0 0 0 0 0

[15:39:44] [RECV] in 3 146 49294 20 13 1 100 100 0 0 0 -1 0 0 -1 - 2 -1 0 0 0 0 0 0 0 0

[15:39:45] [RECV] eff 3 49293 826

[15:39:45] [RECV] eff 1 148962 15

[15:39:45] [RECV] su 1 148962 3 49293 855 8 11 4001 0 0 0 0 18449 0 0

[15:39:45] [RECV] su 3 49294 2 49158 0 12 11 200 0 0 1 70 363 0 0

[15:39:45] [RECV] su 2 49158 3 49294 0 12 11 200 0 0 1 97 105 0 0

[15:39:46] [RECV] eff 3 49294 826

[15:39:46] [RECV] eff 1 148962 15

[15:39:46] [RECV] su 1 148962 3 49294 855 8 11 4001 0 0 0 0 18335 0 0

[15:39:47] [RECV] rsfn 3 8 0

[15:39:47] [RECV] gp 28 15 20014 2 1 0

[15:39:47] [RECV] gp 14 28 20012 1 2 0

[15:39:47] [RECV] in 2 116 49158 19 14 7 71 100 0 0 0 -1 1 0 -1 - 2 -1 0 0 0 0 0 0 0 0

[15:39:47] [RECV] in 2 122 49157 6 18 3 100 100 0 0 0 -1 1 0 -1 - 2 -1 0 0 0 0 0 0 0 0

[15:39:47] [RECV] in 2 122 49156 8 12 5 91 100 0 0 0 -1 1 0 -1 - 2 -1 0 0 0 0 0 0 0 0

[15:39:47] [RECV] in 2 116 49155 12 11 0 100 100 0 0 0 -1 1 0 -1 - 2 -1 0 0 0 0 0 0 0 0

[15:39:47] [RECV] msg 0 Une porte s'est ouverte.

[15:39:47] [RECV] evnt 1 0 2990 3240

[15:39:47] [RECV] gp 28 15 20014 2 1 0

[15:39:47] [RECV] gp 14 28 20012 2 2 0

[15:39:47] [RECV] in 2 116 49158 19 14 7 71 100 0 0 0 -1 1 0 -1 - 2 -1 0 0 0 0 0 0 0 0

[15:39:47] [RECV] in 2 122 49157 6 18 3 100 100 0 0 0 -1 1 0 -1 - 2 -1 0 0 0 0 0 0 0 0

[15:39:47] [RECV] in 2 122 49156 8 12 5 91 100 0 0 0 -1 1 0 -1 - 2 -1 0 0 0 0 0 0 0 0

[15:39:47] [RECV] in 2 116 49155 12 11 0 100 100 0 0 0 -1 1 0 -1 - 2 -1 0 0 0 0 0 0 0 0

[15:39:47] [RECV] msg 0 Une porte s'est ouverte.

[15:39:47] [RECV] evnt 1 0 2990 3240

[15:39:47] [RECV] evnt 1 0 4190 4190

[15:39:48] [RECV] msg 1 Tu as réussi la mission éclair.

[15:39:48] [RECV] evnt 3 1 -1 -1

[15:39:48] [RECV] evnt 3 1 -1 -1

[15:39:48] [SEND] walk 18 18 0 14
[15:39:48] [RECV] rsfn 3 8 0

[15:39:48] [SEND] walk 22 18 1 14
[15:39:49] [SEND] walk 24 18 0 14
[15:39:50] [SEND] walk 27 16 1 14
[15:39:50] [SEND] preq
[15:39:51] [RECV] rsfn 3 8 0

[15:39:51] [RECV] at 148962 4205 1 15 2 0 51 2 -1

[15:39:51] [RECV] evnt 1 0 4160 4190

[15:39:51] [RECV] npc_req 1 148962 6152

[15:39:51] [RECV] gp 28 15 20016 0 1 0

[15:39:51] [RECV] gp 1 15 20013 0 3 0

[15:39:51] [RECV] in 2 319 49161 8 14 0 100 100 0 0 0 -1 1 0 -1 - 2 -1 0 0 0 0 0 0 0 0

[15:39:53] [RECV] evnt 1 0 4150 4190

[15:39:53] [SEND] walk 6 15 0 14
[15:39:54] [SEND] walk 9 15 0 14
[15:39:54] [SEND] walk 13 15 1 14
[15:39:55] [SEND] walk 18 15 0 14
[15:39:56] [SEND] walk 23 15 0 14
[15:39:57] [SEND] walk 27 15 0 14
[15:39:58] [SEND] preq
[15:39:58] [RECV] rsfn 4 8 0

[15:39:58] [RECV] at 148962 4210 1 15 2 0 51 2 -1

[15:39:58] [RECV] eff 3 49167 826

[15:39:58] [RECV] npc_req 1 148962 6151

[15:39:58] [RECV] rsfm 36 2 0 0

[15:39:58] [RECV] evnt 1 0 4100 4190

[15:39:58] [RECV] gp 15 1 20017 1 0 0

[15:39:58] [RECV] gp 1 15 20014 1 3 0

[15:39:58] [RECV] in 3 149 49168 23 13 7 100 100 0 0 0 -1 1 0 -1 - 2 -1 0 0 0 0 0 0 0 0

[15:39:58] [RECV] in 3 149 49167 12 10 7 100 100 6151 0 0 -1 1 0 -1 - 2 -1 0 0 0 0 0 0 0 0

[15:39:58] [RECV] in 3 149 49166 4 14 5 100 100 0 0 0 -1 1 0 -1 - 2 -1 0 0 0 0 0 0 0 0

[15:39:58] [RECV] in 2 116 49165 19 21 1 100 100 0 0 0 -1 1 0 -1 - 2 -1 0 0 0 0 0 0 0 0

[15:39:58] [RECV] in 2 122 49164 14 19 0 100 100 0 0 0 -1 1 0 -1 - 2 -1 0 0 0 0 0 0 0 0

[15:39:58] [RECV] in 2 122 49163 10 19 3 100 100 0 0 0 -1 1 0 -1 - 2 -1 0 0 0 0 0 0 0 0

[15:39:58] [RECV] in 2 116 49162 6 19 7 100 100 0 0 0 -1 1 0 -1 - 2 -1 0 0 0 0 0 0 0 0

[15:39:58] [RECV] eff 3 49166 5000

[15:40:00] [RECV] evnt 1 0 4100 4190

[15:40:00] [RECV] eff 3 49166 6007

[15:40:00] [RECV] su 2 49162 3 49166 0 12 11 200 0 0 1 98 77 0 0

[15:40:00] [SEND] walk 6 15 0 14
[15:40:01] [RECV] su 3 49168 2 49165 0 12 11 1031 0 0 1 93 340 0 0

[15:40:01] [SEND] walk 5 15 0 14
[15:40:01] [RECV] gp 15 1 20017 1 0 0

[15:40:01] [RECV] gp 1 15 20014 1 3 0

[15:40:01] [RECV] in 3 149 49168 21 15 7 100 100 0 0 0 -1 1 0 -1 - 2 -1 0 0 0 0 0 0 0 0

[15:40:01] [RECV] in 3 149 49167 11 12 7 100 100 0 0 0 -1 1 0 -1 - 2 -1 0 0 0 0 0 0 0 0

[15:40:01] [RECV] in 3 149 49166 4 14 5 98 95 0 0 0 -1 1 0 -1 - 2 -1 0 0 0 0 0 0 0 0

[15:40:01] [RECV] in 2 116 49165 20 16 1 93 100 0 0 0 -1 1 0 -1 - 2 -1 0 0 0 0 0 0 0 0

[15:40:01] [RECV] in 2 122 49164 20 16 0 100 100 0 0 0 -1 1 0 -1 - 2 -1 0 0 0 0 0 0 0 0

[15:40:01] [RECV] in 2 122 49163 10 14 3 100 100 0 0 0 -1 1 0 -1 - 2 -1 0 0 0 0 0 0 0 0

[15:40:01] [RECV] in 2 116 49162 5 15 7 100 100 0 0 0 -1 1 0 -1 - 2 -1 0 0 0 0 0 0 0 0

[15:40:01] [RECV] rsfm 36 2 0 0

[15:40:01] [RECV] evnt 1 0 4090 4190

[15:40:01] [RECV] su 3 49166 1 148962 412 100 12 1024 0 0 1 100 0 1 0

[15:40:01] [RECV] su 1 148962 3 49166 855 8 11 4001 0 0 0 0 10522 0 0

[15:40:02] [RECV] su 3 49167 2 49163 0 12 11 1031 0 0 1 94 369 0 0

[15:40:02] [SEND] walk 9 17 0 14
[15:40:02] [RECV] eff 3 49167 826

[15:40:02] [RECV] su 2 49165 3 49168 0 12 11 200 0 0 1 98 77 0 0

[15:40:02] [SEND] walk 7 15 1 14
[15:40:03] [RECV] su 1 148962 3 49167 855 8 11 4001 0 0 0 0 10343 0 0

[15:40:03] [RECV] in 3 152 49326 8 16 5 100 100 0 0 0 -1 0 0 -1 - 2 -1 0 0 0 0 0 0 0 0

[15:40:03] [RECV] in 3 149 49327 17 10 7 100 100 0 0 0 -1 0 0 -1 - 2 -1 0 0 0 0 0 0 0 0

[15:40:03] [SEND] walk 12 16 1 14
[15:40:03] [RECV] eff 3 49326 5000

[15:40:03] [RECV] su 2 49163 2 49163 0 12 11 200 0 0 1 95 0 2 0

[15:40:04] [RECV] su 3 49168 2 49165 0 12 11 1031 0 0 1 89 355 0 0

[15:40:04] [RECV] eff 3 49168 826

[15:40:04] [SEND] walk 9 15 0 14
[15:40:04] [RECV] su 3 49327 2 49163 0 12 11 1031 0 0 1 88 444 3 0

[15:40:04] [RECV] su 3 49326 1 148962 0 8 11 1009 0 0 1 99 50 0 0

[15:40:04] [RECV] eff 1 148962 15

[15:40:04] [RECV] su 1 148962 3 49168 855 8 11 4001 0 0 0 0 17643 0 0

[15:40:04] [RECV] in 3 152 49328 17 15 7 100 100 0 0 0 -1 0 0 -1 - 2 -1 0 0 0 0 0 0 0 0

[15:40:04] [RECV] in 3 149 49329 24 13 3 100 100 0 0 0 -1 0 0 -1 - 2 -1 0 0 0 0 0 0 0 0

[15:40:05] [RECV] su 2 49164 2 49164 0 12 11 200 0 0 1 100 0 2 0

[15:40:05] [RECV] eff 3 49329 826

[15:40:05] [RECV] su 2 49162 3 49326 0 12 11 200 0 0 1 100 0 1 0

[15:40:05] [RECV] su 1 148962 3 49326 855 8 11 4001 0 0 0 0 9991 0 0

[15:40:05] [RECV] in 3 152 49330 21 19 1 100 100 0 0 0 -1 0 0 -1 - 2 -1 0 0 0 0 0 0 0 0

[15:40:06] [RECV] su 3 49328 3 49328 0 8 11 1009 0 0 1 100 0 2 0

[15:40:06] [RECV] su 3 49329 2 49165 412 100 12 1024 0 0 1 90 0 1 0

[15:40:07] [RECV] su 3 49327 2 49163 0 12 11 1031 0 0 1 85 239 0 0

[15:40:07] [RECV] eff 1 148962 15

[15:40:07] [RECV] su 1 148962 3 49327 855 8 11 4001 0 0 0 0 18146 0 0

[15:40:07] [RECV] in 3 152 49331 7 12 4 100 100 0 0 0 -1 0 0 -1 - 2 -1 0 0 0 0 0 0 0 0

[15:40:07] [RECV] su 2 49165 3 49329 0 12 11 200 0 0 1 100 0 1 0

[15:40:07] [SEND] walk 13 16 0 14
[15:40:07] [RECV] su 3 49330 2 49164 0 8 11 1009 0 0 1 85 962 3 0

[15:40:07] [RECV] su 2 49163 2 49163 0 12 11 200 0 0 1 86 0 2 0

[15:40:07] [SEND] walk 11 15 0 14
[15:40:08] [RECV] su 1 148962 3 49328 855 8 11 4001 0 0 0 0 9883 0 0

[15:40:08] [SEND] walk 8 12 0 14
[15:40:08] [RECV] su 3 49331 2 49162 0 8 11 1009 0 0 1 84 870 0 0

[15:40:08] [SEND] walk 12 18 0 14
[15:40:08] [RECV] su 2 49162 3 49331 0 12 11 200 0 0 1 98 44 0 0

[15:40:09] [RECV] su 2 49164 3 49330 0 12 11 200 0 0 1 100 0 1 0

[15:40:09] [SEND] walk 10 15 1 14
[15:40:09] [RECV] su 3 49329 2 49165 0 12 11 1031 0 0 1 86 279 0 0

[15:40:09] [RECV] su 3 49330 2 49164 0 8 11 1009 0 0 1 74 749 0 0

[15:40:09] [RECV] eff 3 49329 826

[15:40:09] [RECV] su 1 148962 3 49331 855 8 11 4001 0 0 0 0 10388 0 0

[15:40:09] [RECV] in 3 146 49340 10 13 0 100 100 0 0 0 -1 0 0 -1 - 2 -1 0 0 0 0 0 0 0 0

[15:40:09] [RECV] in 3 146 49341 20 13 5 100 100 0 0 0 -1 0 0 -1 - 2 -1 0 0 0 0 0 0 0 0

[15:40:09] [RECV] su 2 49165 3 49329 0 12 11 200 0 0 1 98 66 0 0

[15:40:10] [RECV] eff 3 49340 5000

[15:40:10] [RECV] su 1 148962 3 49330 855 8 11 4001 0 0 0 0 10099 0 0

[15:40:11] [RECV] su 3 49341 2 49163 0 12 11 200 0 0 1 83 274 0 0

[15:40:11] [RECV] su 3 49340 1 148962 0 12 11 200 0 0 1 99 2 0 0

[15:40:11] [RECV] su 1 148962 3 49341 855 8 11 4001 0 0 0 0 10731 0 0

[15:40:12] [RECV] su 2 49163 2 49163 0 12 11 200 0 0 1 84 0 2 0

[15:40:12] [RECV] su 2 49162 3 49340 0 12 11 200 0 0 1 96 123 0 0

[15:40:12] [RECV] su 2 49165 3 49329 0 12 11 200 0 0 1 98 0 1 0

[15:40:13] [RECV] eff 1 148962 15

[15:40:13] [RECV] su 1 148962 3 49340 855 8 11 4001 0 0 0 0 17650 0 0

[15:40:13] [RECV] su 3 49329 2 49165 0 12 11 1031 0 0 1 82 317 0 0

[15:40:13] [SEND] walk 11 15 0 14
[15:40:14] [RECV] su 2 49164 3 49329 0 12 11 200 0 0 1 98 0 1 0

[15:40:14] [RECV] eff 1 148962 15

[15:40:14] [RECV] su 1 148962 3 49329 855 8 11 4001 0 0 0 0 17565 0 0

[15:40:14] [RECV] rsfn 5 8 0

[15:40:15] [SEND] walk 11 10 0 14
[15:40:15] [RECV] gp 15 1 20017 2 0 0

[15:40:15] [RECV] gp 1 15 20014 1 3 0

[15:40:15] [RECV] in 2 116 49165 23 13 1 83 100 0 0 0 -1 1 0 -1 - 2 -1 0 0 0 0 0 0 0 0

[15:40:15] [RECV] in 2 122 49164 25 13 0 77 100 0 0 0 -1 1 0 -1 - 2 -1 0 0 0 0 0 0 0 0

[15:40:15] [RECV] in 2 122 49163 21 14 3 86 100 0 0 0 -1 1 0 -1 - 2 -1 0 0 0 0 0 0 0 0

[15:40:15] [RECV] in 2 116 49162 8 14 7 88 100 0 0 0 -1 1 0 -1 - 2 -1 0 0 0 0 0 0 0 0

[15:40:15] [RECV] in 9 2010 60739 23 14 1 0 0 148962

[15:40:15] [RECV] msg 0 Une porte s'est ouverte.

[15:40:15] [RECV] evnt 1 0 3950 4190

[15:40:15] [RECV] gp 15 1 20017 2 0 0

[15:40:15] [RECV] gp 1 15 20014 2 3 0

[15:40:15] [RECV] in 2 116 49165 23 13 1 83 100 0 0 0 -1 1 0 -1 - 2 -1 0 0 0 0 0 0 0 0

[15:40:15] [RECV] in 2 122 49164 25 13 0 77 100 0 0 0 -1 1 0 -1 - 2 -1 0 0 0 0 0 0 0 0

[15:40:16] [RECV] in 2 122 49163 21 14 3 86 100 0 0 0 -1 1 0 -1 - 2 -1 0 0 0 0 0 0 0 0

[15:40:16] [RECV] in 2 116 49162 8 14 7 88 100 0 0 0 -1 1 0 -1 - 2 -1 0 0 0 0 0 0 0 0

[15:40:16] [RECV] in 9 2010 60739 23 14 1 0 0 148962

[15:40:16] [RECV] msg 0 Une porte s'est ouverte.

[15:40:16] [RECV] evnt 1 0 3950 4190

[15:40:16] [RECV] evnt 1 0 5150 5150

[15:40:16] [RECV] msg 1 Tu as réussi la mission éclair.

[15:40:16] [RECV] evnt 3 1 -1 -1

[15:40:16] [RECV] evnt 3 1 -1 -1

[15:40:16] [RECV] rsfn 5 8 0

[15:40:16] [SEND] walk 13 8 0 14
[15:40:17] [SEND] walk 13 3 1 14
[15:40:18] [SEND] walk 14 2 1 14
[15:40:18] [SEND] preq
[15:40:18] [RECV] rsfn 5 8 0

[15:40:18] [RECV] at 148962 4208 14 28 2 0 51 2 -1

[15:40:18] [RECV] eff 3 49170 826

[15:40:18] [RECV] evnt 1 0 5120 5150

[15:40:18] [RECV] gp 28 15 20018 0 1 0

[15:40:19] [RECV] gp 14 28 20016 0 2 0

[15:40:19] [RECV] in 3 67 49171 20 17 3 100 100 0 0 0 -1 1 0 -1 - 2 -1 0 0 0 0 0 0 0 0

[15:40:19] [RECV] in 3 61 49170 10 13 1 100 100 0 0 0 -1 1 0 -1 - 2 -1 0 0 0 0 0 0 0 0

[15:40:19] [RECV] in 3 61 49169 10 8 6 100 100 0 0 0 -1 1 0 -1 - 2 -1 0 0 0 0 0 0 0 0

[15:40:19] [RECV] eff 3 49170 826

[15:40:19] [SEND] walk 17 24 0 14
[15:40:19] [SEND] walk 15 21 0 14
[15:40:20] [RECV] eff 3 49171 5000

[15:40:20] [SEND] walk 15 22 1 14
[15:40:20] [RECV] su 1 148962 3 49171 855 8 11 4001 0 0 0 0 9204 0 0

[15:40:21] [RECV] in 3 61 49354 18 14 4 100 100 0 0 0 -1 0 0 -1 - 2 -1 0 0 0 0 0 0 0 0

[15:40:21] [SEND] walk 15 17 0 14
[15:40:21] [SEND] walk 15 20 0 14
[15:40:21] [RECV] eff 3 49354 5000

[15:40:22] [RECV] eff 1 148962 15

[15:40:22] [RECV] su 1 148962 3 49170 855 8 11 4001 0 0 0 0 19196 0 0

[15:40:22] [RECV] in 3 61 49357 17 17 2 100 100 0 0 0 -1 0 0 -1 - 2 -1 0 0 0 0 0 0 0 0

[15:40:22] [RECV] eff 3 49357 5000

[15:40:22] [SEND] walk 16 15 1 14
[15:40:22] [SEND] walk 15 19 1 14
[15:40:23] [RECV] eff 3 49354 826

[15:40:23] [RECV] su 3 49354 3 49354 0 12 11 200 0 0 1 100 0 2 0

[15:40:23] [RECV] su 1 148962 3 49354 855 8 11 4001 0 0 0 0 11406 0 0

[15:40:23] [RECV] in 3 67 49360 7 16 4 100 100 0 0 0 -1 0 0 -1 - 2 -1 0 0 0 0 0 0 0 0

[15:40:23] [SEND] walk 10 19 0 14
[15:40:24] [SEND] walk 14 19 0 14
[15:40:24] [RECV] eff 3 49169 826

[15:40:24] [RECV] eff 1 148962 15

[15:40:24] [RECV] su 1 148962 3 49169 855 8 11 4001 0 0 0 0 19156 0 0

[15:40:24] [RECV] eff 3 49360 5000

[15:40:24] [RECV] su 3 49357 1 148962 0 12 11 200 0 0 1 100 0 1 0

[15:40:25] [RECV] eff 3 49360 826

[15:40:25] [RECV] su 1 148962 3 49357 855 8 11 4001 0 0 0 0 10992 0 0

[15:40:25] [RECV] in 3 67 49363 19 9 3 100 100 0 0 0 -1 0 0 -1 - 2 -1 0 0 0 0 0 0 0 0

[15:40:25] [RECV] in 3 67 49364 22 15 4 100 100 0 0 0 -1 0 0 -1 - 2 -1 0 0 0 0 0 0 0 0

[15:40:26] [RECV] su 1 148962 3 49360 855 8 11 4001 0 0 0 0 9574 0 0

[15:40:27] [RECV] eff 3 49363 826

[15:40:28] [RECV] su 1 148962 3 49363 855 8 11 4001 0 0 0 0 9095 0 0

[15:40:28] [RECV] eff 3 49364 826

[15:40:29] [RECV] su 1 148962 3 49364 855 8 11 4001 0 0 0 0 9590 0 0

[15:40:29] [RECV] rsfn 5 7 0

[15:40:30] [RECV] rsfn 5 7 0

[15:40:33] [SEND] walk 19 19 0 14
[15:40:33] [SEND] walk 21 19 1 14
[15:40:34] [SEND] walk 25 18 1 14
[15:40:35] [SEND] walk 28 15 1 14
[15:40:36] [SEND] preq
[15:40:36] [RECV] rsfn 5 7 0

[15:40:36] [RECV] at 148962 4210 1 15 2 0 51 2 -1

[15:40:36] [RECV] eff 3 49177 826

[15:40:36] [RECV] npc_req 1 148962 6151

[15:40:36] [RECV] rsfm 36 2 0 0

[15:40:36] [RECV] evnt 1 0 4940 5150

[15:40:37] [RECV] eff 3 49176 5000

[15:40:37] [RECV] gp 15 1 20019 1 0 0

[15:40:37] [RECV] gp 1 15 20017 1 3 0

[15:40:37] [RECV] in 3 149 49177 12 12 7 100 100 6151 0 0 -1 1 0 -1 - 2 -1 0 0 0 0 0 0 0 0

[15:40:37] [RECV] in 3 149 49176 4 14 1 100 100 0 0 0 -1 1 0 -1 - 2 -1 0 0 0 0 0 0 0 0

[15:40:37] [RECV] in 2 122 49175 17 20 4 100 100 0 0 0 -1 1 0 -1 - 2 -1 0 0 0 0 0 0 0 0

[15:40:37] [RECV] in 2 122 49174 14 19 0 100 100 0 0 0 -1 1 0 -1 - 2 -1 0 0 0 0 0 0 0 0

[15:40:37] [RECV] in 2 122 49173 10 19 3 100 100 0 0 0 -1 1 0 -1 - 2 -1 0 0 0 0 0 0 0 0

[15:40:37] [RECV] in 2 116 49172 6 19 2 100 100 0 0 0 -1 1 0 -1 - 2 -1 0 0 0 0 0 0 0 0

[15:40:37] [RECV] su 3 49176 1 148962 0 12 11 1031 0 0 1 99 49 0 0

[15:40:37] [RECV] evnt 1 0 4940 5150

[15:40:38] [SEND] walk 6 16 1 14
[15:40:38] [RECV] gp 15 1 20019 1 0 0

[15:40:38] [RECV] gp 1 15 20017 1 3 0

[15:40:38] [RECV] in 3 149 49177 12 12 7 100 100 0 0 0 -1 1 0 -1 - 2 -1 0 0 0 0 0 0 0 0

[15:40:38] [RECV] in 3 149 49176 4 14 1 100 100 0 0 0 -1 1 0 -1 - 2 -1 0 0 0 0 0 0 0 0

[15:40:38] [RECV] in 2 122 49175 15 18 4 100 100 0 0 0 -1 1 0 -1 - 2 -1 0 0 0 0 0 0 0 0

[15:40:38] [RECV] in 2 122 49174 12 20 0 100 100 0 0 0 -1 1 0 -1 - 2 -1 0 0 0 0 0 0 0 0

[15:40:38] [RECV] in 2 122 49173 10 19 3 100 100 0 0 0 -1 1 0 -1 - 2 -1 0 0 0 0 0 0 0 0

[15:40:38] [RECV] in 2 116 49172 5 15 2 100 100 0 0 0 -1 1 0 -1 - 2 -1 0 0 0 0 0 0 0 0

[15:40:38] [RECV] rsfm 36 2 0 0

[15:40:38] [RECV] evnt 1 0 4930 5150

[15:40:38] [RECV] su 2 49172 3 49176 0 12 11 200 0 0 1 100 0 1 0

[15:40:38] [SEND] walk 5 15 0 14
[15:40:39] [RECV] su 1 148962 3 49176 855 8 11 4001 0 0 0 0 10243 0 0

[15:40:40] [RECV] eff 3 49177 826

[15:40:40] [RECV] eff 1 148962 15

[15:40:40] [RECV] su 1 148962 3 49177 855 8 11 4001 0 0 0 0 17256 0 0

[15:40:40] [RECV] in 3 152 49379 8 16 2 100 100 0 0 0 -1 0 0 -1 - 2 -1 0 0 0 0 0 0 0 0

[15:40:40] [RECV] in 3 149 49380 22 15 6 100 100 0 0 0 -1 0 0 -1 - 2 -1 0 0 0 0 0 0 0 0

[15:40:41] [RECV] eff 3 49379 5000

[15:40:41] [SEND] walk 10 14 0 14
[15:40:41] [RECV] eff 3 49379 826

[15:40:41] [SEND] walk 8 15 0 14
[15:40:42] [RECV] su 2 49172 3 49379 0 12 11 200 0 0 1 98 59 0 0

[15:40:42] [RECV] su 1 148962 3 49379 855 8 11 4001 0 0 0 0 9972 0 0

[15:40:42] [RECV] in 3 152 49383 15 17 7 100 100 0 0 0 -1 0 0 -1 - 2 -1 0 0 0 0 0 0 0 0

[15:40:42] [RECV] in 3 149 49384 17 10 7 100 100 0 0 0 -1 0 0 -1 - 2 -1 0 0 0 0 0 0 0 0

[15:40:42] [RECV] eff 3 49384 826

[15:40:43] [SEND] walk 10 15 1 14
[15:40:43] [RECV] eff 1 148962 15

[15:40:44] [RECV] su 1 148962 3 49380 855 8 11 4001 0 0 0 0 17526 0 0

[15:40:44] [RECV] in 3 152 49387 21 19 1 100 100 0 0 0 -1 0 0 -1 - 2 -1 0 0 0 0 0 0 0 0

[15:40:44] [SEND] walk 11 15 0 14
[15:40:45] [RECV] eff 2 49175 6007

[15:40:45] [RECV] su 3 49383 2 49175 0 8 11 1009 0 0 1 88 788 0 0

[15:40:45] [RECV] su 3 49384 2 49174 0 12 11 1031 0 0 1 95 298 0 0

[15:40:45] [RECV] su 1 148962 3 49383 855 8 11 4001 0 0 0 0 9955 0 0

[15:40:45] [RECV] in 3 149 49396 24 13 4 100 100 0 0 0 -1 0 0 -1 - 2 -1 0 0 0 0 0 0 0 0

[15:40:45] [SEND] walk 15 17 0 14
[15:40:45] [RECV] su 2 49175 2 49175 0 12 11 200 0 0 1 88 0 2 0

[15:40:46] [SEND] walk 12 16 1 14
[15:40:46] [RECV] eff 3 49384 826

[15:40:46] [RECV] su 1 148962 3 49384 855 8 11 4001 0 0 0 0 10338 0 0

[15:40:47] [SEND] walk 17 17 1 14
[15:40:47] [SEND] walk 13 16 0 14
[15:40:47] [RECV] eff 3 49387 5000

[15:40:47] [RECV] eff 3 49396 826

[15:40:47] [RECV] su 1 148962 3 49387 855 8 11 4001 0 0 0 0 9944 0 0

[15:40:48] [RECV] eff 1 148962 15

[15:40:48] [RECV] su 1 148962 3 49396 855 8 11 4001 0 0 0 0 18161 0 0

[15:40:49] [RECV] rsfn 6 7 0

[15:40:49] [RECV] gp 15 1 20019 2 0 0

[15:40:49] [RECV] gp 1 15 20017 1 3 0

[15:40:49] [RECV] in 2 122 49175 11 14 4 84 100 0 0 0 -1 1 0 -1 - 2 -1 0 0 0 0 0 0 0 0

[15:40:49] [RECV] in 2 122 49174 14 11 0 97 100 0 0 0 -1 1 0 -1 - 2 -1 0 0 0 0 0 0 0 0

[15:40:49] [RECV] in 2 122 49173 9 16 3 100 100 0 0 0 -1 1 0 -1 - 2 -1 0 0 0 0 0 0 0 0

[15:40:49] [RECV] in 2 116 49172 7 18 2 100 100 0 0 0 -1 1 0 -1 - 2 -1 0 0 0 0 0 0 0 0

[15:40:49] [RECV] msg 0 Une porte s'est ouverte.

[15:40:49] [RECV] evnt 1 0 4820 5150

[15:40:49] [RECV] gp 15 1 20019 2 0 0

[15:40:49] [RECV] gp 1 15 20017 2 3 0

[15:40:49] [RECV] in 2 122 49175 11 14 4 84 100 0 0 0 -1 1 0 -1 - 2 -1 0 0 0 0 0 0 0 0

[15:40:50] [RECV] in 2 122 49174 14 11 0 97 100 0 0 0 -1 1 0 -1 - 2 -1 0 0 0 0 0 0 0 0

[15:40:50] [RECV] in 2 122 49173 9 16 3 100 100 0 0 0 -1 1 0 -1 - 2 -1 0 0 0 0 0 0 0 0

[15:40:50] [RECV] in 2 116 49172 7 18 2 100 100 0 0 0 -1 1 0 -1 - 2 -1 0 0 0 0 0 0 0 0

[15:40:50] [RECV] msg 0 Une porte s'est ouverte.

[15:40:50] [RECV] evnt 1 0 4820 5150

[15:40:50] [RECV] evnt 1 0 6320 6320

[15:40:50] [RECV] msg 1 Tu as réussi la mission éclair.

[15:40:50] [RECV] evnt 3 1 -1 -1

[15:40:50] [RECV] evnt 3 1 -1 -1

[15:40:50] [SEND] walk 11 12 0 14
[15:40:50] [RECV] rsfn 6 7 0

[15:40:51] [SEND] walk 12 7 1 14
[15:40:51] [SEND] walk 12 5 0 14
[15:40:52] [SEND] walk 15 2 0 14
[15:40:53] [SEND] preq
[15:40:53] [RECV] rsfn 6 7 0

[15:40:53] [RECV] at 148962 4209 14 28 2 0 51 2 -1

[15:40:53] [RECV] eff 3 49179 826

[15:40:53] [RECV] evnt 1 0 6280 6320

[15:40:53] [RECV] eff 3 49181 5000

[15:40:54] [RECV] gp 14 28 20018 0 2 0

[15:40:54] [RECV] gp 1 15 20020 0 3 0

[15:40:54] [RECV] in 3 67 49181 15 27 4 100 100 0 0 0 -1 1 0 -1 - 2 -1 0 0 0 0 0 0 0 0

[15:40:54] [RECV] in 3 142 49180 19 19 7 100 100 0 0 0 -1 1 0 -1 - 2 -1 0 0 0 0 0 0 0 0

[15:40:54] [RECV] in 3 61 49179 11 9 7 100 100 0 0 0 -1 1 0 -1 - 2 -1 0 0 0 0 0 0 0 0

[15:40:54] [RECV] in 3 61 49178 13 10 0 100 100 0 0 0 -1 1 0 -1 - 2 -1 0 0 0 0 0 0 0 0

[15:40:54] [RECV] eff 3 49179 826

[15:40:54] [SEND] walk 13 24 1 14
[15:40:55] [SEND] walk 10 21 1 14
[15:40:55] [SEND] walk 11 22 0 14
[15:40:56] [RECV] eff 1 148962 15

[15:40:56] [RECV] su 1 148962 3 49178 855 8 11 4001 0 0 0 0 19075 0 0

[15:40:56] [RECV] in 3 61 49407 18 14 4 100 100 0 0 0 -1 0 0 -1 - 2 -1 0 0 0 0 0 0 0 0

[15:40:56] [RECV] su 3 49181 3 49181 403 50 12 1013 0 0 1 100 0 -2 0

[15:40:57] [RECV] eff 1 148962 15

[15:40:57] [RECV] su 1 148962 3 49180 855 8 11 4001 0 0 0 0 16760 0 0

[15:40:57] [RECV] in 3 61 49410 17 17 1 100 100 0 0 0 -1 0 0 -1 - 2 -1 0 0 0 0 0 0 0 0

[15:40:57] [SEND] walk 14 25 0 14
[15:40:59] [RECV] su 1 148962 3 49181 855 8 11 4001 0 0 0 0 9540 0 0

[15:40:59] [RECV] in 3 67 49413 7 16 5 100 100 0 0 0 -1 0 0 -1 - 2 -1 0 0 0 0 0 0 0 0

[15:40:59] [RECV] eff 3 49179 826

[15:41:00] [RECV] su 1 148962 3 49410 855 8 11 4001 0 0 0 0 10866 0 0

[15:41:01] [RECV] su 1 148962 3 49407 855 8 11 4001 0 0 0 0 10933 0 0

[15:41:01] [RECV] in 3 67 49418 19 9 1 100 100 0 0 0 -1 0 0 -1 - 2 -1 0 0 0 0 0 0 0 0

[15:41:01] [RECV] in 3 67 49419 22 15 7 100 100 0 0 0 -1 0 0 -1 - 2 -1 0 0 0 0 0 0 0 0

[15:41:02] [RECV] su 1 148962 3 49413 855 8 11 4001 0 0 0 0 9581 0 0

[15:41:02] [RECV] in 3 142 49422 15 13 5 100 100 0 0 0 -1 0 0 -1 - 2 -1 0 0 0 0 0 0 0 0

[15:41:03] [RECV] eff 1 148962 15

[15:41:03] [RECV] su 1 148962 3 49419 855 8 11 4001 0 0 0 0 15668 0 0

[15:41:03] [RECV] in 3 142 49425 7 12 2 100 100 0 0 0 -1 0 0 -1 - 2 -1 0 0 0 0 0 0 0 0

[15:41:04] [SEND] walk 14 20 1 14
[15:41:04] [RECV] eff 3 49179 826

[15:41:04] [SEND] walk 14 22 0 14
[15:41:05] [RECV] su 1 148962 3 49422 855 8 11 4001 0 0 0 0 9396 0 0

[15:41:05] [SEND] walk 13 18 1 14
[15:41:05] [SEND] walk 14 20 1 14
[15:41:06] [RECV] su 1 148962 3 49425 855 8 11 4001 0 0 0 0 9361 0 0

[15:41:06] [SEND] walk 14 15 0 14
[15:41:07] [SEND] walk 14 19 0 14
[15:41:07] [RECV] su 1 148962 3 49418 855 8 11 4001 0 0 0 0 9536 0 0

[15:41:08] [SEND] walk 11 15 0 14
[15:41:08] [SEND] walk 13 17 0 14
[15:41:08] [RECV] su 1 148962 3 49179 855 8 11 4001 0 0 0 0 10894 0 0

[15:41:09] [RECV] rsfn 6 6 0

[15:41:09] [SEND] walk 8 17 1 14
[15:41:10] [RECV] rsfn 6 6 0

[15:41:10] [SEND] walk 3 16 1 14
[15:41:11] [SEND] walk 2 15 0 14
[15:41:11] [SEND] preq
[15:41:11] [RECV] rsfn 6 6 0

[15:41:12] [RECV] at 148962 4205 28 15 2 0 51 2 -1

[15:41:12] [RECV] evnt 1 0 6100 6320

[15:41:12] [RECV] npc_req 1 148962 6152

[15:41:12] [RECV] gp 28 15 20019 0 1 0

[15:41:12] [RECV] gp 1 15 20021 0 3 0

[15:41:12] [RECV] in 2 319 49182 14 15 4 100 100 0 0 0 -1 1 0 -1 - 2 -1 0 0 0 0 0 0 0 0

[15:41:14] [SEND] walk 23 15 0 14
[15:41:14] [RECV] evnt 1 0 6090 6320

[15:41:15] [SEND] walk 19 14 0 14
[15:41:16] [SEND] walk 15 15 0 14
[15:41:16] [SEND] walk 13 14 0 14
[15:41:16] [SEND] walk 10 14 0 14
[15:41:17] [SEND] walk 8 14 1 14
[15:41:18] [SEND] walk 3 14 0 14
[15:41:19] [SEND] walk 2 15 0 14
[15:41:19] [SEND] preq
[15:41:19] [RECV] rsfn 5 6 0

[15:41:19] [RECV] at 148962 4207 28 15 2 0 51 2 -1

[15:41:19] [RECV] eff 3 49189 826

[15:41:19] [RECV] npc_req 1 148962 6151

[15:41:19] [RECV] rsfm 36 2 0 0

[15:41:19] [RECV] evnt 1 0 6030 6320

[15:41:20] [RECV] gp 14 1 20022 1 0 0

[15:41:20] [RECV] gp 28 15 20020 1 1 0

[15:41:20] [RECV] in 3 149 49191 22 15 4 100 100 0 0 0 -1 1 0 -1 - 2 -1 0 0 0 0 0 0 0 0

[15:41:20] [RECV] in 3 149 49190 12 10 3 100 100 6151 0 0 -1 1 0 -1 - 2 -1 0 0 0 0 0 0 0 0

[15:41:20] [RECV] in 3 149 49189 4 14 6 100 100 0 0 0 -1 1 0 -1 - 2 -1 0 0 0 0 0 0 0 0

[15:41:20] [RECV] in 2 122 49188 23 20 5 100 100 0 0 0 -1 1 0 -1 - 2 -1 0 0 0 0 0 0 0 0

[15:41:20] [RECV] in 2 116 49187 19 21 3 100 100 0 0 0 -1 1 0 -1 - 2 -1 0 0 0 0 0 0 0 0

[15:41:20] [RECV] in 2 122 49186 17 19 5 100 100 0 0 0 -1 1 0 -1 - 2 -1 0 0 0 0 0 0 0 0

[15:41:20] [RECV] in 2 122 49185 14 19 0 100 100 0 0 0 -1 1 0 -1 - 2 -1 0 0 0 0 0 0 0 0

[15:41:20] [RECV] in 2 122 49184 10 19 0 100 100 0 0 0 -1 1 0 -1 - 2 -1 0 0 0 0 0 0 0 0

[15:41:20] [RECV] in 2 116 49183 6 19 7 100 100 0 0 0 -1 1 0 -1 - 2 -1 0 0 0 0 0 0 0 0

[15:41:20] [RECV] in 9 1042 60332 20 6 1 0 0 0

[15:41:20] [RECV] in 9 1042 60331 9 6 1 0 0 0

[15:41:20] [RECV] su 3 49189 2 49183 0 12 11 1031 0 0 1 93 379 0 0

[15:41:21] [RECV] su 3 49191 2 49187 0 12 11 1031 0 0 1 90 508 3 0

[15:41:21] [RECV] evnt 1 0 6030 6320

[15:41:21] [SEND] walk 23 16 0 14
[15:41:21] [RECV] gp 14 1 20022 1 0 0

[15:41:21] [RECV] gp 28 15 20020 1 1 0

[15:41:21] [RECV] in 3 149 49191 22 15 4 100 100 0 0 0 -1 1 0 -1 - 2 -1 0 0 0 0 0 0 0 0

[15:41:21] [RECV] in 3 149 49190 11 11 3 100 100 0 0 0 -1 1 0 -1 - 2 -1 0 0 0 0 0 0 0 0

[15:41:21] [RECV] in 3 149 49189 4 14 6 100 100 0 0 0 -1 1 0 -1 - 2 -1 0 0 0 0 0 0 0 0

[15:41:21] [RECV] in 2 122 49188 23 16 5 100 100 0 0 0 -1 1 0 -1 - 2 -1 0 0 0 0 0 0 0 0

[15:41:21] [RECV] in 2 116 49187 23 14 3 91 100 0 0 0 -1 1 0 -1 - 2 -1 0 0 0 0 0 0 0 0

[15:41:21] [RECV] in 2 122 49186 23 14 5 100 100 0 0 0 -1 1 0 -1 - 2 -1 0 0 0 0 0 0 0 0

[15:41:21] [RECV] in 2 122 49185 11 20 0 100 100 0 0 0 -1 1 0 -1 - 2 -1 0 0 0 0 0 0 0 0

[15:41:22] [RECV] in 2 122 49184 11 21 0 100 100 0 0 0 -1 1 0 -1 - 2 -1 0 0 0 0 0 0 0 0

[15:41:22] [RECV] in 2 116 49183 5 15 7 94 100 0 0 0 -1 1 0 -1 - 2 -1 0 0 0 0 0 0 0 0

[15:41:22] [RECV] in 9 1042 60332 20 6 1 0 0 0

[15:41:22] [RECV] in 9 1042 60331 9 6 1 0 0 0

[15:41:22] [RECV] rsfm 36 2 0 0

[15:41:22] [RECV] evnt 1 0 6020 6320

[15:41:22] [RECV] su 2 49188 3 49191 0 12 11 200 0 0 1 94 204 0 0

[15:41:22] [RECV] su 2 49183 3 49189 0 12 11 200 0 0 1 97 113 0 0

[15:41:22] [RECV] su 1 148962 3 49191 855 8 11 4001 0 0 0 0 10052 0 0

[15:41:23] [SEND] walk 18 16 1 14
[15:41:23] [RECV] su 2 49187 2 49187 410 100 12 1020 0 0 1 92 0 2 0

[15:41:23] [RECV] su 3 49189 2 49183 0 12 11 1031 0 0 1 88 369 0 0

[15:41:24] [RECV] eff 3 49189 826

[15:41:24] [RECV] su 2 49186 2 49186 403 50 12 1013 0 0 1 100 0 -2 0

[15:41:24] [SEND] walk 16 18 1 14
[15:41:24] [SEND] walk 17 17 1 14
[15:41:25] [SEND] walk 13 15 1 14
[15:41:26] [SEND] walk 15 17 0 14
[15:41:26] [RECV] su 3 49189 2 49183 0 12 11 1031 0 0 1 82 363 0 0

[15:41:26] [RECV] eff 1 148962 15

[15:41:26] [RECV] su 1 148962 3 49190 855 8 11 4001 0 0 0 0 17733 0 0

[15:41:26] [RECV] in 3 152 49456 8 16 5 100 100 0 0 0 -1 0 0 -1 - 2 -1 0 0 0 0 0 0 0 0

[15:41:26] [RECV] in 3 149 49457 17 10 6 100 100 0 0 0 -1 0 0 -1 - 2 -1 0 0 0 0 0 0 0 0

[15:41:27] [RECV] su 2 49183 3 49189 410 100 12 1020 0 0 1 92 184 0 0

[15:41:27] [RECV] su 3 49457 2 49187 0 12 11 1031 0 0 1 86 438 0 0

[15:41:27] [RECV] su 1 148962 3 49189 855 8 11 4001 0 0 0 0 10383 0 0

[15:41:27] [RECV] in 3 152 49460 15 17 6 100 100 0 0 0 -1 0 0 -1 - 2 -1 0 0 0 0 0 0 0 0

[15:41:27] [RECV] in 3 149 49461 24 13 3 100 100 0 0 0 -1 0 0 -1 - 2 -1 0 0 0 0 0 0 0 0

[15:41:27] [RECV] su 3 49456 2 49184 0 8 11 1009 0 0 1 90 633 0 0

[15:41:28] [RECV] eff 3 49461 826

[15:41:28] [RECV] eff 3 49460 5000

[15:41:28] [RECV] su 2 49187 3 49457 0 12 11 200 0 0 1 92 297 3 0

[15:41:28] [RECV] eff 1 148962 15

[15:41:28] [RECV] su 1 148962 3 49456 855 8 11 4001 0 0 0 0 17784 0 0

[15:41:29] [RECV] in 3 152 49464 21 19 6 100 100 0 0 0 -1 0 0 -1 - 2 -1 0 0 0 0 0 0 0 0

[15:41:29] [RECV] su 2 49186 3 49461 0 12 11 200 0 0 1 89 433 3 0

[15:41:29] [RECV] eff 2 49186 6007

[15:41:29] [RECV] su 3 49461 2 49186 0 12 11 1031 0 0 1 93 407 3 0

[15:41:29] [RECV] su 3 49460 1 148962 0 8 11 1009 0 0 1 100 0 1 0

[15:41:29] [RECV] su 2 49188 3 49457 0 12 11 200 0 0 1 86 252 0 0

[15:41:30] [RECV] eff 1 148962 15

[15:41:30] [RECV] su 1 148962 3 49460 855 8 11 4001 0 0 0 0 17250 0 0

[15:41:30] [RECV] in 3 152 49465 7 12 6 100 100 0 0 0 -1 0 0 -1 - 2 -1 0 0 0 0 0 0 0 0

[15:41:30] [RECV] su 3 49457 2 49187 0 12 11 1031 0 0 1 82 314 0 0

[15:41:31] [RECV] su 3 49465 2 49183 0 8 11 1009 0 0 1 69 821 0 0

[15:41:31] [RECV] eff 1 148962 15

[15:41:31] [RECV] su 1 148962 3 49457 855 8 11 4001 0 0 0 0 18125 0 0

[15:41:31] [RECV] su 2 49183 3 49465 0 12 11 200 0 0 1 97 96 0 0

[15:41:32] [RECV] su 3 49461 2 49186 0 12 11 1031 0 0 1 86 251 0 0

[15:41:32] [RECV] eff 1 148962 15

[15:41:32] [RECV] su 1 148962 3 49464 855 8 11 4001 0 0 0 0 17791 0 0

[15:41:32] [RECV] in 3 146 49470 10 13 6 100 100 0 0 0 -1 0 0 -1 - 2 -1 0 0 0 0 0 0 0 0

[15:41:32] [RECV] in 3 146 49471 20 13 2 100 100 0 0 0 -1 0 0 -1 - 2 -1 0 0 0 0 0 0 0 0

[15:41:32] [RECV] eff 3 49461 826

[15:41:33] [RECV] su 3 49465 2 49183 0 8 11 1009 0 0 1 55 861 0 0

[15:41:33] [RECV] eff 1 148962 15

[15:41:33] [RECV] su 1 148962 3 49471 855 8 11 4001 0 0 0 0 17830 0 0

[15:41:33] [RECV] in 3 149 49474 11 15 3 100 100 0 0 0 -1 0 0 -1 - 2 -1 0 0 0 0 0 0 0 0

[15:41:33] [RECV] su 2 49187 2 49187 0 12 11 200 0 0 1 84 0 2 0

[15:41:34] [RECV] su 3 49470 2 49185 0 12 11 200 0 0 1 100 0 1 0

[15:41:34] [RECV] su 2 49188 2 49188 0 12 11 200 0 0 1 100 0 2 0

[15:41:34] [RECV] eff 3 49474 5000

[15:41:34] [RECV] su 2 49186 3 49461 0 12 11 200 0 0 1 89 0 1 0

[15:41:34] [RECV] su 2 49185 3 49470 0 12 11 200 0 0 1 92 280 0 0

[15:41:34] [RECV] su 2 49183 3 49465 0 12 11 200 0 0 1 96 70 0 0

[15:41:34] [RECV] su 2 49184 3 49465 0 12 11 200 0 0 1 89 255 0 0

[15:41:34] [RECV] su 1 148962 3 49465 855 8 11 4001 0 0 0 0 10204 0 0

[15:41:34] [RECV] in 3 149 49475 18 15 2 100 100 0 0 0 -1 0 0 -1 - 2 -1 0 0 0 0 0 0 0 0

[15:41:34] [RECV] su 3 49461 2 49186 0 12 11 1031 0 0 1 80 308 0 0

[15:41:34] [RECV] su 3 49474 1 148962 0 12 11 1031 0 0 1 100 0 4 0

[15:41:35] [RECV] eff 3 49475 5000

[15:41:35] [RECV] su 3 49475 1 148962 0 12 11 1031 0 0 1 100 0 4 0

[15:41:35] [RECV] eff 1 148962 15

[15:41:35] [RECV] su 1 148962 3 49470 855 8 11 4001 0 0 0 0 17751 0 0

[15:41:37] [RECV] su 1 148962 3 49474 855 8 11 4001 0 0 0 0 10614 0 0

[15:41:37] [RECV] su 2 49187 3 49461 0 12 11 200 0 0 1 87 64 0 0

[15:41:37] [RECV] su 2 49183 2 49183 0 12 11 200 0 0 1 57 0 2 0

[15:41:37] [SEND] walk 18 13 1 14
[15:41:37] [RECV] su 2 49188 3 49475 0 12 11 200 0 0 1 93 257 0 0

[15:41:37] [RECV] eff 3 49461 826

[15:41:37] [RECV] su 3 49461 2 49186 0 12 11 1031 0 0 1 72 268 0 0

[15:41:38] [SEND] walk 17 14 1 14
[15:41:38] [RECV] su 1 148962 3 49475 855 8 11 4001 0 0 0 0 10658 0 0

[15:41:39] [RECV] su 2 49186 3 49461 0 12 11 200 0 0 1 87 0 1 0

[15:41:39] [RECV] su 1 148962 3 49461 855 8 11 4001 0 0 0 0 10117 0 0

[15:41:39] [RECV] su 2 49187 2 49187 0 12 11 200 0 0 1 87 0 2 0

[15:41:40] [RECV] rsfn 4 6 0

[15:41:40] [RECV] gp 14 1 20022 2 0 0

[15:41:40] [RECV] gp 28 15 20020 1 1 0

[15:41:40] [RECV] in 2 122 49188 15 16 5 100 100 0 0 0 -1 1 0 -1 - 2 -1 0 0 0 0 0 0 0 0

[15:41:40] [RECV] in 2 116 49187 25 13 3 87 100 0 0 0 -1 1 0 -1 - 2 -1 0 0 0 0 0 0 0 0

[15:41:40] [RECV] in 2 122 49186 23 14 5 70 100 0 0 0 -1 1 0 -1 - 2 -1 0 0 0 0 0 0 0 0

[15:41:40] [RECV] in 2 122 49185 15 7 0 100 100 0 0 0 -1 1 0 -1 - 2 -1 0 0 0 0 0 0 0 0

[15:41:40] [RECV] in 2 122 49184 8 15 0 96 100 0 0 0 -1 1 0 -1 - 2 -1 0 0 0 0 0 0 0 0

[15:41:40] [RECV] in 2 116 49183 12 15 7 59 100 0 0 0 -1 1 0 -1 - 2 -1 0 0 0 0 0 0 0 0

[15:41:41] [RECV] in 9 2010 60771 21 13 1 0 0 148962

[15:41:41] [RECV] in 9 1042 60332 20 6 1 0 0 0

[15:41:41] [RECV] in 9 1042 60331 9 6 1 0 0 0

[15:41:41] [RECV] msg 0 Une porte s'est ouverte.

[15:41:41] [RECV] evnt 1 0 5830 6320

[15:41:41] [RECV] gp 14 1 20022 2 0 0

[15:41:41] [RECV] gp 28 15 20020 2 1 0

[15:41:41] [RECV] in 2 122 49188 15 16 5 100 100 0 0 0 -1 1 0 -1 - 2 -1 0 0 0 0 0 0 0 0

[15:41:41] [RECV] in 2 116 49187 25 13 3 87 100 0 0 0 -1 1 0 -1 - 2 -1 0 0 0 0 0 0 0 0

[15:41:41] [RECV] in 2 122 49186 23 14 5 70 100 0 0 0 -1 1 0 -1 - 2 -1 0 0 0 0 0 0 0 0

[15:41:41] [RECV] in 2 122 49185 15 7 0 100 100 0 0 0 -1 1 0 -1 - 2 -1 0 0 0 0 0 0 0 0

[15:41:41] [RECV] in 2 122 49184 8 15 0 96 100 0 0 0 -1 1 0 -1 - 2 -1 0 0 0 0 0 0 0 0

[15:41:41] [RECV] in 2 116 49183 12 15 7 59 100 0 0 0 -1 1 0 -1 - 2 -1 0 0 0 0 0 0 0 0

[15:41:41] [RECV] in 9 2010 60771 21 13 1 0 0 148962

[15:41:41] [RECV] in 9 1042 60332 20 6 1 0 0 0

[15:41:41] [RECV] in 9 1042 60331 9 6 1 0 0 0

[15:41:42] [RECV] msg 0 Une porte s'est ouverte.

[15:41:42] [RECV] evnt 1 0 5830 6320

[15:41:42] [RECV] evnt 1 0 7330 7330

[15:41:42] [RECV] npc_req 1 148962 6153

[15:41:42] [RECV] evnt 3 1 -1 -1

[15:41:42] [RECV] evnt 3 1 -1 -1

[15:41:42] [RECV] rsfn 4 6 0

[15:41:43] [SEND] walk 18 10 1 14
[15:41:43] [RECV] evnt 1 0 7330 7330

[15:41:44] [SEND] walk 17 5 1 14
[15:41:45] [SEND] walk 16 3 1 14
[15:41:46] [SEND] walk 15 2 0 14
[15:41:46] [SEND] preq
[15:41:46] [RECV] rsfn 4 6 0

[15:41:46] [RECV] at 148962 4206 14 28 2 0 51 2 -1

[15:41:46] [RECV] eff 3 49192 826

[15:41:46] [RECV] evnt 1 0 7300 7330

[15:41:47] [RECV] gp 14 1 20023 0 0 0

[15:41:47] [RECV] gp 14 28 20021 0 2 0

[15:41:47] [RECV] in 3 67 49194 19 20 5 100 100 0 0 0 -1 1 0 -1 - 2 -1 0 0 0 0 0 0 0 0

[15:41:47] [RECV] in 3 61 49193 10 19 1 100 100 0 0 0 -1 1 0 -1 - 2 -1 0 0 0 0 0 0 0 0

[15:41:47] [RECV] in 3 61 49192 16 14 6 100 100 0 0 0 -1 1 0 -1 - 2 -1 0 0 0 0 0 0 0 0

[15:41:47] [SEND] walk 14 23 1 14
[15:41:48] [RECV] eff 3 49193 5000

[15:41:48] [SEND] walk 16 19 0 14
[15:41:48] [RECV] eff 3 49194 5000

[15:41:49] [RECV] eff 3 49192 826

[15:41:49] [SEND] walk 15 18 0 14
[15:41:49] [RECV] eff 3 49192 5000

[15:41:49] [SEND] walk 17 20 1 14
[15:41:49] [SEND] walk 16 19 0 14
[15:41:50] [RECV] su 1 148962 1 148962 864 400 12 4019 0 0 1 100 0 -2 0

[15:41:50] [RECV] su 1 148962 3 49194 864 400 12 4019 0 0 0 0 12656 5 0

[15:41:50] [RECV] in 3 61 49494 18 14 3 100 100 0 0 0 -1 0 0 -1 - 2 -1 0 0 0 0 0 0 0 0

[15:41:50] [RECV] su 1 148962 3 49193 864 400 12 4019 0 0 0 0 15925 5 0

[15:41:50] [RECV] in 3 61 49495 17 17 0 100 100 0 0 0 -1 0 0 -1 - 2 -1 0 0 0 0 0 0 0 0

[15:41:50] [RECV] eff 1 148962 15

[15:41:50] [RECV] su 1 148962 3 49192 864 400 12 4019 0 0 0 0 24773 5 0

[15:41:50] [RECV] in 3 67 49496 7 16 6 100 100 0 0 0 -1 0 0 -1 - 2 -1 0 0 0 0 0 0 0 0

[15:41:50] [RECV] eff 3 49495 5000

[15:41:50] [RECV] eff 3 49494 5000

[15:41:51] [RECV] eff 3 49496 826

[15:41:51] [RECV] eff 1 148962 15

[15:41:51] [RECV] su 1 148962 3 49495 855 8 11 4001 0 0 0 0 18839 0 0

[15:41:51] [RECV] eff 1 148962 15

[15:41:51] [RECV] su 1 148962 3 49494 855 8 11 4001 0 0 0 0 18497 5 0

[15:41:52] [RECV] in 3 67 49499 19 9 6 100 100 0 0 0 -1 0 0 -1 - 2 -1 0 0 0 0 0 0 0 0

[15:41:52] [RECV] in 3 67 49500 22 15 5 100 100 0 0 0 -1 0 0 -1 - 2 -1 0 0 0 0 0 0 0 0

[15:41:52] [RECV] su 1 148962 3 49496 855 8 11 4001 0 0 0 0 9412 0 0

[15:41:52] [RECV] eff 3 49500 5000

[15:41:53] [RECV] eff 3 49500 826

[15:41:54] [RECV] su 1 148962 3 49500 855 8 11 4001 0 0 0 0 9360 0 0

[15:41:54] [RECV] eff 3 49499 826

[15:41:55] [RECV] su 1 148962 3 49499 855 8 11 4001 0 0 0 0 9373 0 0

[15:41:55] [RECV] rsfn 4 5 0

[15:41:55] [SEND] walk 16 16 0 14
[15:41:56] [SEND] walk 16 11 0 14
[15:41:56] [RECV] rsfn 4 5 0

[15:41:57] [SEND] walk 15 8 0 14
[15:41:57] [SEND] walk 16 5 0 14
[15:41:58] [SEND] walk 15 3 0 14
[15:41:58] [SEND] walk 14 2 1 14
[15:41:59] [SEND] preq
[15:41:59] [RECV] rsfn 4 5 0

[15:41:59] [RECV] at 148962 4206 14 28 2 0 51 2 -1

[15:41:59] [RECV] npc_req 1 148962 6154

[15:41:59] [RECV] evnt 1 0 7180 7330

[15:41:59] [RECV] gp 14 1 4997 5 0 0

[15:41:59] [RECV] gp 14 28 20022 1 2 0

[15:41:59] [RECV] in 2 122 49198 20 21 0 100 100 0 0 0 -1 1 0 -1 - 2 -1 0 0 0 0 0 0 0 0

[15:42:00] [RECV] in 2 122 49197 14 22 1 100 100 0 0 0 -1 1 0 -1 - 2 -1 0 0 0 0 0 0 0 0

[15:42:00] [RECV] in 2 329 49196 14 20 2 100 100 0 0 0 -1 1 0 -1 - 2 -1 0 0 0 0 0 0 0 0

[15:42:00] [RECV] in 2 122 49195 8 21 6 100 100 0 0 0 -1 1 0 -1 - 2 -1 0 0 0 0 0 0 0 0

[15:42:01] [RECV] evnt 1 0 7180 7330

[15:42:01] [RECV] gp 14 1 4997 5 0 0

[15:42:01] [RECV] gp 14 28 20022 1 2 0

[15:42:01] [RECV] in 3 149 49201 22 15 6 100 100 0 0 0 -1 1 0 -1 - 2 -1 0 0 0 0 0 0 0 0

[15:42:01] [RECV] in 3 149 49200 12 10 3 100 100 0 0 0 -1 1 0 -1 - 2 -1 0 0 0 0 0 0 0 0

[15:42:01] [RECV] in 3 149 49199 4 14 4 100 100 0 0 0 -1 1 0 -1 - 2 -1 0 0 0 0 0 0 0 0

[15:42:01] [RECV] in 2 122 49198 20 21 0 100 100 0 0 0 -1 1 0 -1 - 2 -1 0 0 0 0 0 0 0 0

[15:42:01] [RECV] in 2 122 49197 14 22 1 100 100 0 0 0 -1 1 0 -1 - 2 -1 0 0 0 0 0 0 0 0

[15:42:01] [RECV] in 2 329 49196 14 20 2 100 100 0 0 0 -1 1 0 -1 - 2 -1 0 0 0 0 0 0 0 0

[15:42:02] [RECV] in 2 122 49195 8 21 6 100 100 0 0 0 -1 1 0 -1 - 2 -1 0 0 0 0 0 0 0 0

[15:42:02] [RECV] eff 3 49200 826

[15:42:02] [RECV] rsfm 36 2 0 0

[15:42:02] [RECV] evnt 1 0 7170 7330

[15:42:02] [SEND] walk 13 23 0 14
[15:42:02] [RECV] su 3 49201 2 49198 0 12 11 1031 0 0 1 95 305 0 0

[15:42:03] [RECV] eff 2 49196 5004

[15:42:04] [RECV] su 1 148962 3 49201 855 8 11 4001 0 0 0 0 10295 0 0

[15:42:05] [SEND] walk 14 18 0 14
[15:42:05] [SEND] walk 13 15 1 14
[15:42:05] [RECV] eff 3 49200 826

[15:42:05] [RECV] su 2 49198 2 49198 403 50 12 1013 0 0 1 97 0 -2 0

[15:42:05] [RECV] eff 2 49196 825

[15:42:06] [SEND] walk 12 12 0 14
[15:42:06] [RECV] eff 3 49200 5000

[15:42:07] [RECV] su 3 49200 1 148962 0 12 11 1031 0 0 1 99 48 0 0

[15:42:07] [SEND] walk 9 9 0 14
[15:42:07] [SEND] walk 11 11 1 14
[15:42:07] [RECV] su 1 148962 3 49200 855 8 11 4001 0 0 0 0 10238 0 0

[15:42:07] [RECV] in 3 152 49519 8 16 6 100 100 0 0 0 -1 0 0 -1 - 2 -1 0 0 0 0 0 0 0 0

[15:42:07] [RECV] in 3 149 49520 17 10 3 100 100 0 0 0 -1 0 0 -1 - 2 -1 0 0 0 0 0 0 0 0

[15:42:08] [RECV] eff 3 49519 826

[15:42:09] [RECV] su 1 148962 3 49199 855 8 11 4001 0 0 0 0 10246 0 0

[15:42:09] [RECV] in 3 152 49523 16 15 7 100 100 0 0 0 -1 0 0 -1 - 2 -1 0 0 0 0 0 0 0 0

[15:42:09] [RECV] in 3 149 49524 24 13 5 100 100 0 0 0 -1 0 0 -1 - 2 -1 0 0 0 0 0 0 0 0

[15:42:09] [RECV] msg 1 Dans 5 minutes 80 ~ 99Le Brise-glace va commencer pour tous les niveaux.

[15:42:09] [RECV] su 3 49520 2 49198 0 12 11 1031 0 0 1 95 290 0 0

[15:42:09] [RECV] su 3 49519 2 49195 0 8 11 1009 0 0 1 90 715 0 0

[15:42:10] [RECV] su 1 148962 3 49519 855 8 11 4001 0 0 0 0 10334 0 0

[15:42:10] [RECV] in 3 152 49525 21 19 4 100 100 0 0 0 -1 0 0 -1 - 2 -1 0 0 0 0 0 0 0 0

[15:42:10] [RECV] eff 2 49196 825

[15:42:11] [RECV] eff 3 49523 826

[15:42:11] [RECV] su 3 49523 2 49196 0 8 11 1009 0 0 1 100 0 1 0

[15:42:11] [RECV] eff 3 49520 6007

[15:42:11] [RECV] su 2 49198 3 49520 0 12 11 200 0 0 1 96 162 0 0

[15:42:11] [RECV] eff 2 49196 5005

[15:42:11] [RECV] su 1 148962 3 49523 855 8 11 4001 0 0 0 0 10307 0 0

[15:42:11] [RECV] in 3 152 49528 7 12 3 100 100 0 0 0 -1 0 0 -1 - 2 -1 0 0 0 0 0 0 0 0

[15:42:11] [RECV] eff 3 49528 5000

[15:42:11] [RECV] su 2 49195 2 49195 403 50 12 1013 0 0 1 91 0 -2 0

[15:42:12] [RECV] su 3 49525 2 49196 0 8 11 1009 0 0 1 97 614 0 0

[15:42:12] [RECV] eff 3 49528 826

[15:42:12] [RECV] su 3 49520 2 49198 0 12 11 1031 0 0 1 96 0 4 0

[15:42:12] [RECV] eff 1 148962 15

[15:42:12] [RECV] su 1 148962 3 49528 855 8 11 4001 0 0 0 0 17668 0 0

[15:42:13] [RECV] su 2 49197 2 49197 0 12 11 200 0 0 1 100 0 2 0

[15:42:13] [RECV] eff 3 49520 826

[15:42:14] [RECV] eff 1 148962 15

[15:42:14] [RECV] su 1 148962 3 49520 855 8 11 4001 0 0 0 0 17820 0 0

[15:42:14] [RECV] in 3 146 49531 10 13 2 100 100 0 0 0 -1 0 0 -1 - 2 -1 0 0 0 0 0 0 0 0

[15:42:14] [RECV] in 3 146 49532 20 13 7 100 100 0 0 0 -1 0 0 -1 - 2 -1 0 0 0 0 0 0 0 0

[15:42:14] [RECV] su 3 49525 2 49196 0 8 11 1009 0 0 1 96 549 0 0

[15:42:14] [RECV] eff 2 49196 5005

[15:42:14] [RECV] eff 3 49532 826

[15:42:14] [RECV] eff 3 49531 5000

[15:42:15] [RECV] su 2 49196 3 49525 0 8 11 1041 0 0 1 79 855 0 0

[15:42:15] [RECV] eff 1 148962 15

[15:42:15] [RECV] su 1 148962 3 49525 855 8 11 4001 0 0 0 0 17456 0 0

[15:42:15] [RECV] in 3 149 49535 11 15 0 100 100 0 0 0 -1 0 0 -1 - 2 -1 0 0 0 0 0 0 0 0

[15:42:15] [RECV] su 3 49532 2 49198 0 12 11 200 0 0 1 94 318 0 0

[15:42:15] [RECV] su 3 49531 1 148962 0 12 11 200 0 0 1 99 0 1 0

[15:42:15] [RECV] eff 2 49196 825

[15:42:16] [RECV] su 2 49198 3 49532 0 12 11 200 0 0 1 92 287 0 0

[15:42:16] [RECV] su 2 49197 3 49531 0 12 11 200 0 0 1 95 190 0 0

[15:42:16] [RECV] eff 1 148962 15

[15:42:16] [RECV] su 1 148962 3 49531 855 8 11 4001 0 0 0 0 18486 0 0

[15:42:16] [RECV] in 3 149 49538 18 15 5 100 100 0 0 0 -1 0 0 -1 - 2 -1 0 0 0 0 0 0 0 0

[15:42:17] [RECV] su 3 49538 2 49196 0 12 11 1031 0 0 1 97 226 0 0

[15:42:17] [RECV] su 3 49535 2 49197 0 12 11 1031 0 0 1 95 309 0 0

[15:42:17] [RECV] eff 1 148962 15

[15:42:17] [RECV] su 1 148962 3 49535 855 8 11 4001 0 0 0 0 17867 0 0

[15:42:18] [RECV] su 3 49532 2 49198 0 12 11 200 0 0 1 95 0 1 0

[15:42:18] [RECV] eff 2 49196 5005

[15:42:18] [RECV] eff 1 148962 15

[15:42:18] [RECV] su 1 148962 3 49538 855 8 11 4001 0 0 0 0 18209 0 0

[15:42:19] [RECV] eff 3 49532 826

[15:42:19] [RECV] su 2 49198 3 49532 0 12 11 200 0 0 1 84 327 0 0

[15:42:20] [RECV] su 1 148962 3 49532 855 8 11 4001 0 0 0 0 10704 0 0

[15:42:20] [RECV] eff 3 49524 826

[15:42:20] [RECV] eff 2 49196 825

[15:42:21] [RECV] eff 1 148962 15

[15:42:21] [RECV] su 1 148962 3 49524 855 8 11 4001 0 0 0 0 17848 0 0

[15:42:21] [RECV] rsfn 4 4 0

[15:42:22] [RECV] gp 14 1 4997 4 0 0

[15:42:22] [RECV] gp 14 28 20022 1 2 0

[15:42:22] [RECV] in 2 122 49198 22 12 0 97 100 0 0 0 -1 1 0 -1 - 2 -1 0 0 0 0 0 0 0 0

[15:42:22] [RECV] in 2 122 49197 14 11 1 97 100 0 0 0 -1 1 0 -1 - 2 -1 0 0 0 0 0 0 0 0

[15:42:22] [RECV] in 2 329 49196 18 16 2 99 100 0 0 3 148962 1 0 -1 - 2 -1 0 0 0 0 0 0 0 0

[15:42:22] [RECV] in 2 122 49195 13 12 6 96 100 0 0 0 -1 1 0 -1 - 2 -1 0 0 0 0 0 0 0 0

[15:42:22] [RECV] msg 0 Une porte s'est ouverte.

[15:42:23] [RECV] evnt 1 0 6960 7330

[15:42:23] [RECV] gp 14 1 4997 4 0 0

[15:42:23] [RECV] gp 14 28 20022 2 2 0

[15:42:23] [RECV] in 2 122 49198 22 12 0 97 100 0 0 0 -1 1 0 -1 - 2 -1 0 0 0 0 0 0 0 0

[15:42:23] [RECV] in 2 122 49197 14 11 1 97 100 0 0 0 -1 1 0 -1 - 2 -1 0 0 0 0 0 0 0 0

[15:42:23] [RECV] in 2 329 49196 18 16 2 99 100 0 0 3 148962 1 0 -1 - 2 -1 0 0 0 0 0 0 0 0

[15:42:23] [RECV] in 2 122 49195 13 12 6 96 100 0 0 0 -1 1 0 -1 - 2 -1 0 0 0 0 0 0 0 0

[15:42:23] [RECV] msg 0 Une porte s'est ouverte.

[15:42:23] [RECV] evnt 1 0 6960 7330

[15:42:23] [RECV] npc_req 1 148962 6155

[15:42:23] [RECV] evnt 3 1 -1 -1

[15:42:23] [RECV] evnt 3 1 -1 -1

[15:42:23] [RECV] rsfn 4 4 0

[15:42:25] [RECV] evnt 1 0 6960 7330

[15:42:25] [SEND] walk 11 6 0 14
[15:42:25] [RECV] eff 2 49196 825

[15:42:26] [SEND] walk 13 2 0 14
[15:42:27] [SEND] walk 14 1 0 14
[15:42:27] [SEND] preq
[15:42:28] [RECV] msg 0 Merci de patienter

[15:42:28] [RECV] evnt 10 0 -1 -1

[15:42:28] [RECV] rsfm 36 1 7 12

[15:42:31] [RECV] msg 0 Tu ne peux plus accepter aucune autre quête.

[15:42:36] [RECV] evnt 10 0 -1 -1
