[11:13:28] [RECV] rbr 59.0.0 4 15 64.99 6 -1.0 -1.0 -1.0 -1.0 -1.0 2048.30 -1.0 1032.1 1087.1 -1.0 6131.RecordFalcon 0 0 Cachot de Shanera : 3e voletCenil et Catrisha se sont ralliées au combat ! Hier encore, elles étaient ennemies, mais maintenant elles aspirent à un même but. Pourront-elles se réconcilier une fois pour toutes ?

[11:13:35] [RECV] at 148962 4800 15 7 2 0 51 2 -1

[11:13:35] [RECV] rsfn 0 4 0

[11:13:35] [RECV] rsfn 0 5 1

[11:13:35] [RECV] rsfn 0 6 1

[11:13:35] [RECV] rsfn 0 7 1

[11:13:35] [RECV] rsfn 0 8 1

[11:13:35] [RECV] rsfn 0 9 1

[11:13:35] [RECV] rsfn 1 9 1

[11:13:35] [RECV] rsfn 2 9 1

[11:13:35] [RECV] rsfn 3 9 1

[11:13:35] [RECV] rsfn 4 9 1

[11:13:35] [RECV] rsfn 5 9 1

[11:13:35] [RECV] rsfn 6 9 1

[11:13:35] [RECV] rsfn 7 9 1

[11:13:35] [RECV] rsfn 8 9 1

[11:13:35] [RECV] rsfn 9 9 1

[11:13:35] [RECV] rsfn 9 8 1

[11:13:35] [RECV] rsfn 9 7 1

[11:13:35] [RECV] rsfn 9 6 1

[11:13:35] [RECV] rsfn 9 5 1

[11:13:35] [RECV] evnt 1 -1 3000 3000

[11:13:35] [RECV] rsfm 59 0 10 10

[11:13:35] [RECV] evnt 1 -1 3000 3000

[11:13:35] [RECV] minfo 0 1 -1.0/0 -1.0/0 -1/0 -1.0/0 1 2 0

[11:13:35] [RECV] msg 0 La mission commence dès que tu entres dans la première pièce.

[11:13:35] [RECV] gp 15 28 20009 0 2 0

[11:13:36] [SEND] walk 16 12 1 14
[11:13:37] [SEND] walk 15 15 0 14
[11:13:38] [SEND] walk 17 17 1 14
[11:13:38] [SEND] walk 19 21 1 14
[11:13:39] [SEND] walk 16 25 0 14
[11:13:40] [SEND] walk 14 27 0 14
[11:13:41] [SEND] preq
[11:13:42] [RECV] su 1 148962 1 148962 861 3000 24 4013 0 0 1 100 0 -1 0

[11:13:42] [RECV] rsfn 0 4 0

[11:13:42] [RECV] at 148962 2100 34 11 2 0 50 2 -1

[11:13:42] [RECV] npc_req 1 148962 6296

[11:13:43] [RECV] evnt 1 0 3000 3000

[11:13:43] [RECV] gp 34 11 20008 1 0 0

[11:13:43] [RECV] gp 32 59 20010 1 2 0

[11:13:43] [RECV] in 2 326 32190 34 16 6 100 100 0 0 0 -1 1 0 -1 - 2 -1 0 0 0 0 0 0 0 0

[11:13:43] [RECV] in 2 335 32189 31 16 1 100 100 0 0 0 -1 1 0 -1 - 2 -1 0 0 0 0 0 0 0 0

[11:13:44] [RECV] evnt 1 0 3000 3000

[11:13:45] [RECV] gp 34 11 20008 1 0 0

[11:13:45] [RECV] gp 32 59 20010 1 2 0

[11:13:45] [RECV] in 3 122 32197 44 27 6 100 100 0 0 0 -1 1 0 -1 - 2 -1 0 0 0 0 0 0 0 0

[11:13:45] [RECV] in 3 122 32196 41 27 0 100 100 0 0 0 -1 1 0 -1 - 2 -1 0 0 0 0 0 0 0 0

[11:13:45] [RECV] in 3 122 32195 35 27 7 100 100 0 0 0 -1 1 0 -1 - 2 -1 0 0 0 0 0 0 0 0

[11:13:45] [RECV] in 3 122 32194 29 27 1 100 100 0 0 0 -1 1 0 -1 - 2 -1 0 0 0 0 0 0 0 0

[11:13:45] [RECV] in 3 122 32193 25 27 1 100 100 0 0 0 -1 1 0 -1 - 2 -1 0 0 0 0 0 0 0 0

[11:13:45] [RECV] in 3 122 32192 17 27 6 100 100 0 0 0 -1 1 0 -1 - 2 -1 0 0 0 0 0 0 0 0

[11:13:45] [RECV] in 3 315 32191 34 41 5 100 100 0 0 0 -1 1 0 -1 - 2 -1 0 0 0 0 0 0 0 0

[11:13:45] [RECV] in 2 326 32190 34 16 6 100 100 0 0 0 -1 1 0 -1 - 2 -1 0 0 0 0 0 0 0 0

[11:13:45] [RECV] in 2 335 32189 31 16 1 100 100 0 0 0 -1 1 0 -1 - 2 -1 0 0 0 0 0 0 0 0

[11:13:45] [RECV] eff 3 32193 826

[11:13:45] [RECV] rsfm 59 2 0 0

[11:13:45] [RECV] evnt 1 0 2990 3000

[11:13:46] [RECV] eff 2 32190 5004

[11:13:47] [SEND] walk 36 15 0 14
[11:13:47] [SEND] walk 35 19 0 14
[11:13:48] [RECV] eff 2 32189 5004

[11:13:49] [SEND] walk 36 23 0 14
[11:13:49] [SEND] walk 35 21 0 14
[11:13:49] [RECV] eff 3 32193 826

[11:13:49] [RECV] eff 2 32189 825

[11:13:49] [RECV] eff 1 148962 15

[11:13:49] [RECV] su 1 148962 3 32196 855 8 11 4001 0 0 0 0 13204 0 0

[11:13:49] [RECV] in 3 122 32259 48 27 0 100 100 0 0 0 -1 0 0 -1 - 2 -1 0 0 0 0 0 0 0 0

[11:13:50] [RECV] eff 3 32195 5000

[11:13:50] [RECV] eff 3 32191 824

[11:13:50] [RECV] eff 2 32190 825

[11:13:51] [RECV] eff 1 148962 15

[11:13:51] [RECV] su 1 148962 3 32197 855 8 11 4001 0 0 0 0 13553 0 0

[11:13:51] [RECV] in 3 122 32260 54 27 6 100 100 0 0 0 -1 0 0 -1 - 2 -1 0 0 0 0 0 0 0 0

[11:13:52] [RECV] su 1 148962 3 32193 855 8 11 4001 0 0 0 0 8161 0 0

[11:13:52] [RECV] in 3 122 32261 25 34 7 100 100 0 0 0 -1 0 0 -1 - 2 -1 0 0 0 0 0 0 0 0

[11:13:52] [RECV] su 3 32195 1 148962 0 12 11 200 0 0 1 100 0 1 0

[11:13:53] [RECV] eff 3 32192 826

[11:13:53] [RECV] su 1 148962 3 32195 855 8 11 4001 0 0 0 0 8004 0 0

[11:13:53] [RECV] in 3 122 32262 31 33 0 100 100 0 0 0 -1 0 0 -1 - 2 -1 0 0 0 0 0 0 0 0

[11:13:54] [RECV] eff 3 32192 826

[11:13:54] [RECV] eff 1 148962 15

[11:13:54] [RECV] su 1 148962 3 32192 855 8 11 4001 0 0 0 0 13175 0 0

[11:13:54] [RECV] in 3 122 32263 44 34 7 100 100 0 0 0 -1 0 0 -1 - 2 -1 0 0 0 0 0 0 0 0

[11:13:54] [RECV] eff 2 32189 825

[11:13:55] [RECV] eff 3 32191 824

[11:13:55] [RECV] eff 3 32259 826

[11:13:55] [RECV] eff 2 32190 825

[11:13:55] [SEND] walk 40 20 0 14
[11:13:56] [RECV] su 1 148962 3 32260 855 8 11 4001 0 0 0 0 8279 0 0

[11:13:56] [RECV] in 3 122 32264 50 35 7 100 100 0 0 0 -1 0 0 -1 - 2 -1 0 0 0 0 0 0 0 0

[11:13:59] [RECV] eff 3 32259 826

[11:13:59] [RECV] eff 2 32189 825

[11:13:59] [RECV] eff 1 148962 15

[11:13:59] [RECV] su 1 148962 3 32262 855 8 11 4001 0 0 0 0 13412 0 0

[11:13:59] [RECV] in 3 122 32265 11 43 4 100 100 0 0 0 -1 0 0 -1 - 2 -1 0 0 0 0 0 0 0 0

[11:13:59] [RECV] in 3 122 32266 15 37 7 100 100 0 0 0 -1 0 0 -1 - 2 -1 0 0 0 0 0 0 0 0

[11:14:00] [RECV] su 1 148962 3 32261 855 8 11 4001 0 0 0 0 7976 5 0

[11:14:00] [RECV] in 3 122 32267 52 39 2 100 100 0 0 0 -1 0 0 -1 - 2 -1 0 0 0 0 0 0 0 0

[11:14:00] [RECV] eff 3 32191 824

[11:14:00] [RECV] eff 2 32190 825

[11:14:00] [SEND] walk 39 25 1 14
[11:14:01] [RECV] su 1 148962 3 32194 855 8 11 4001 0 0 0 0 7965 0 0

[11:14:01] [RECV] in 3 122 32268 56 47 4 100 100 0 0 0 -1 0 0 -1 - 2 -1 0 0 0 0 0 0 0 0

[11:14:02] [RECV] su 1 148962 3 32263 855 8 11 4001 0 0 0 0 8115 0 0

[11:14:02] [RECV] in 3 122 32269 25 20 2 100 100 0 0 0 -1 0 0 -1 - 2 -1 0 0 0 0 0 0 0 0

[11:14:02] [RECV] in 3 122 32270 30 21 0 100 100 0 0 0 -1 0 0 -1 - 2 -1 0 0 0 0 0 0 0 0

[11:14:03] [SEND] walk 44 26 1 14
[11:14:04] [RECV] eff 3 32259 826

[11:14:04] [SEND] walk 46 28 0 14
[11:14:04] [RECV] eff 2 32189 825

[11:14:04] [RECV] eff 3 32191 824

[11:14:05] [RECV] eff 1 148962 15

[11:14:05] [RECV] su 1 148962 3 32264 855 8 11 4001 0 0 0 0 13480 0 0

[11:14:05] [RECV] eff 2 32190 825

[11:14:05] [SEND] walk 48 32 0 14
[11:14:06] [SEND] walk 50 34 0 14
[11:14:06] [SEND] walk 49 33 1 14
[11:14:07] [RECV] eff 1 148962 15

[11:14:07] [RECV] su 1 148962 3 32267 855 8 11 4001 0 0 0 0 13918 0 0

[11:14:07] [RECV] in 3 122 32271 35 21 0 100 100 0 0 0 -1 0 0 -1 - 2 -1 0 0 0 0 0 0 0 0

[11:14:07] [RECV] in 3 122 32272 40 21 0 100 100 0 0 0 -1 0 0 -1 - 2 -1 0 0 0 0 0 0 0 0

[11:14:07] [RECV] in 3 122 32273 45 20 6 100 100 0 0 0 -1 0 0 -1 - 2 -1 0 0 0 0 0 0 0 0

[11:14:07] [SEND] walk 52 36 1 14
[11:14:07] [SEND] walk 51 35 0 14
[11:14:08] [RECV] eff 1 148962 15

[11:14:08] [RECV] su 1 148962 3 32268 855 8 11 4001 0 0 0 0 13248 0 0

[11:14:08] [SEND] walk 51 30 0 14
[11:14:08] [RECV] eff 3 32259 826

[11:14:09] [RECV] eff 2 32189 825

[11:14:09] [SEND] walk 50 26 1 14
[11:14:09] [RECV] eff 3 32191 824

[11:14:10] [SEND] walk 51 27 0 14
[11:14:10] [RECV] eff 2 32190 825

[11:14:10] [RECV] su 1 148962 3 32273 855 8 11 4001 0 0 0 0 8388 0 0

[11:14:11] [RECV] su 3 32270 3 32270 403 50 12 1013 0 0 1 100 0 -2 0

[11:14:11] [RECV] eff 2 32190 6003

[11:14:11] [RECV] su 3 32270 2 32190 403 50 12 1013 0 0 1 97 373 5 0

[11:14:11] [RECV] su 3 32270 2 32189 403 50 12 1013 0 0 1 98 450 5 0

[11:14:11] [SEND] walk 47 25 0 14
[11:14:11] [RECV] su 3 32271 2 32190 0 12 11 200 0 0 1 96 245 0 0

[11:14:12] [SEND] walk 44 22 0 14
[11:14:12] [RECV] su 3 32272 2 32190 0 12 11 200 0 0 1 94 259 0 0

[11:14:12] [SEND] walk 43 21 1 14
[11:14:13] [RECV] eff 2 32189 5005

[11:14:13] [RECV] eff 1 148962 15

[11:14:13] [RECV] su 1 148962 3 32272 863 500 13 4017 0 0 0 0 18095 0 0

[11:14:13] [RECV] su 1 148962 3 32271 863 500 13 4017 0 0 0 0 11262 5 0

[11:14:13] [RECV] eff 1 148962 15

[11:14:13] [RECV] su 1 148962 3 32270 863 500 13 4017 0 0 0 0 18848 5 0

[11:14:14] [RECV] eff 3 32259 826

[11:14:14] [SEND] walk 48 21 0 14
[11:14:14] [RECV] eff 2 32189 825

[11:14:14] [RECV] eff 3 32191 824

[11:14:15] [RECV] su 1 148962 3 32259 855 8 11 4001 0 0 0 0 8179 0 0

[11:14:15] [RECV] eff 2 32190 825

[11:14:15] [RECV] su 2 32189 2 32189 433 0 11 1069 0 0 1 100 0 2 0

[11:14:15] [SEND] walk 43 21 1 14
[11:14:16] [RECV] eff 3 32269 826

[11:14:16] [SEND] walk 38 21 0 14
[11:14:16] [SEND] walk 41 21 0 14
[11:14:17] [RECV] eff 3 32269 826

[11:14:17] [RECV] su 1 148962 3 32269 855 8 11 4001 0 0 0 0 8238 0 0

[11:14:18] [SEND] walk 36 21 0 14
[11:14:18] [RECV] eff 3 32266 826

[11:14:18] [SEND] walk 34 19 0 14
[11:14:19] [SEND] walk 30 20 0 14
[11:14:19] [RECV] eff 3 32266 826

[11:14:19] [RECV] eff 2 32189 825

[11:14:19] [RECV] eff 3 32191 824

[11:14:20] [SEND] walk 26 22 0 14
[11:14:20] [RECV] eff 2 32190 825

[11:14:20] [SEND] walk 23 25 0 14
[11:14:21] [SEND] walk 20 24 0 14
[11:14:21] [SEND] walk 21 23 0 14
[11:14:22] [RECV] eff 1 148962 15

[11:14:22] [RECV] su 1 148962 3 32266 855 8 11 4001 0 0 0 0 13194 0 0

[11:14:22] [SEND] walk 21 25 1 14
[11:14:23] [RECV] eff 3 32191 826

[11:14:23] [RECV] su 1 148962 3 32265 855 8 11 4001 0 0 0 0 8019 0 0

[11:14:24] [RECV] eff 2 32189 825

[11:14:24] [RECV] eff 3 32191 824

[11:14:25] [RECV] eff 3 32191 826

[11:14:25] [SEND] walk 24 28 1 14
[11:14:25] [RECV] eff 2 32190 825

[11:14:26] [SEND] walk 27 31 1 14
[11:14:26] [SEND] walk 30 29 0 14
[11:14:26] [RECV] eff 3 32191 5000

[11:14:27] [SEND] walk 33 31 1 14
[11:14:27] [RECV] su 3 32191 3 32191 0 8 11 1041 0 0 1 100 0 2 0

[11:14:28] [RECV] eff 1 148962 15

[11:14:28] [RECV] su 1 148962 3 32191 855 8 11 4001 0 0 0 0 12687 0 0

[11:14:29] [RECV] eff 2 32189 825

[11:14:29] [RECV] rsfn 0 5 0

[11:14:30] [RECV] rsfn 0 5 0

[11:14:30] [RECV] gp 34 11 20008 2 0 0

[11:14:30] [RECV] gp 32 59 20010 1 2 0

[11:14:30] [RECV] in 2 326 32190 35 13 6 100 100 0 0 3 148962 1 0 -1 - 2 -1 0 0 0 0 0 0 0 0

[11:14:30] [RECV] in 2 335 32189 35 12 1 100 100 0 0 3 148962 1 0 -1 - 2 -1 0 0 0 0 0 0 0 0

[11:14:30] [RECV] in 9 2010 74800 12 31 1 0 0 148962

[11:14:30] [RECV] msg 0 Une porte s'est ouverte.

[11:14:30] [RECV] evnt 1 0 2540 3000

[11:14:30] [RECV] gp 34 11 20008 2 0 0

[11:14:30] [RECV] gp 32 59 20010 2 2 0

[11:14:30] [RECV] in 2 326 32190 35 13 6 100 100 0 0 3 148962 1 0 -1 - 2 -1 0 0 0 0 0 0 0 0

[11:14:30] [RECV] in 2 335 32189 35 12 1 100 100 0 0 3 148962 1 0 -1 - 2 -1 0 0 0 0 0 0 0 0

[11:14:30] [RECV] in 9 2010 74800 12 31 1 0 0 148962

[11:14:30] [RECV] msg 0 Une porte s'est ouverte.

[11:14:30] [RECV] evnt 1 0 2540 3000

[11:14:30] [RECV] evnt 1 0 3740 3740

[11:14:30] [RECV] npc_req 1 148962 6297

[11:14:30] [RECV] evnt 3 1 -1 -1

[11:14:30] [RECV] evnt 3 1 -1 -1

[11:14:30] [RECV] eff 2 32190 825

[11:14:32] [RECV] evnt 1 0 3740 3740

[11:14:32] [SEND] walk 33 36 0 14
[11:14:33] [SEND] walk 33 41 0 14
[11:14:33] [SEND] walk 33 42 0 14
[11:14:34] [SEND] walk 33 47 0 14
[11:14:34] [RECV] eff 2 32189 825

[11:14:35] [RECV] eff 2 32190 825

[11:14:35] [SEND] walk 33 52 1 14
[11:14:36] [SEND] walk 33 57 0 14
[11:14:37] [SEND] walk 32 59 1 14
[11:14:38] [SEND] preq
[11:14:38] [RECV] rsfn 0 5 0

[11:14:38] [RECV] at 148962 4807 15 0 2 0 51 2 -1

[11:14:38] [RECV] evnt 1 0 3690 3740

[11:14:38] [RECV] in 2 335 32189 14 0 1 100 100 0 0 3 148962 1 0 -1 - 2 -1 0 0 0 0 0 0 0 0

[11:14:38] [RECV] in 2 326 32190 15 1 6 100 100 0 0 3 148962 1 0 -1 - 2 -1 0 0 0 0 0 0 0 0

[11:14:38] [RECV] gp 15 0 20009 0 0 0

[11:14:38] [RECV] gp 15 28 20011 0 2 0

[11:14:38] [RECV] in 2 326 32190 15 1 6 100 100 0 0 3 148962 1 0 -1 - 2 -1 0 0 0 0 0 0 0 0

[11:14:38] [RECV] in 2 335 32189 14 0 1 100 100 0 0 3 148962 1 0 -1 - 2 -1 0 0 0 0 0 0 0 0

[11:14:38] [RECV] in 2 315 32198 10 12 1 100 100 0 0 0 -1 1 0 -1 - 2 -1 0 0 0 0 0 0 0 0

[11:14:39] [SEND] walk 15 5 0 14
[11:14:40] [RECV] eff 2 32189 825

[11:14:40] [RECV] eff 2 32198 825

[11:14:40] [SEND] walk 15 10 1 14
[11:14:40] [RECV] eff 2 32190 825

[11:14:40] [RECV] eff 2 32198 5004

[11:14:40] [SEND] walk 12 12 0 14
[11:14:41] [SEND] walk 13 16 0 14
[11:14:41] [SEND] walk 13 20 0 14
[11:14:42] [SEND] walk 13 22 0 14
[11:14:43] [SEND] walk 14 26 1 14
[11:14:44] [SEND] walk 15 27 0 14
[11:14:44] [SEND] preq
[11:14:44] [RECV] rsfn 0 6 0

[11:14:44] [RECV] at 148962 4807 15 0 2 0 51 2 -1

[11:14:44] [RECV] eff 3 32201 826

[11:14:44] [RECV] rsfm 59 2 0 0

[11:14:44] [RECV] evnt 1 0 3620 3740

[11:14:44] [RECV] in 2 315 32198 14 2 1 100 100 0 0 3 148962 1 0 -1 - 2 -1 0 0 0 0 0 0 0 0

[11:14:44] [RECV] in 2 335 32189 15 1 1 100 100 0 0 3 148962 1 0 -1 - 2 -1 0 0 0 0 0 0 0 0

[11:14:44] [RECV] in 2 326 32190 15 1 6 100 100 0 0 3 148962 1 0 -1 - 2 -1 0 0 0 0 0 0 0 0

[11:14:45] [RECV] eff 2 32189 825

[11:14:45] [RECV] eff 2 32198 825

[11:14:45] [RECV] gp 15 0 20010 1 0 0

[11:14:45] [RECV] gp 15 28 20012 1 2 0

[11:14:45] [RECV] in 3 240 32205 21 10 5 100 100 0 0 0 -1 1 0 -1 - 2 -1 0 0 0 0 0 0 0 0

[11:14:45] [RECV] in 3 240 32204 18 10 6 100 100 0 0 0 -1 1 0 -1 - 2 -1 0 0 0 0 0 0 0 0

[11:14:45] [RECV] in 3 228 32203 15 17 2 100 100 0 0 0 -1 1 0 -1 - 2 -1 0 0 0 0 0 0 0 0

[11:14:45] [RECV] in 3 243 32202 14 20 5 100 100 0 0 0 -1 1 0 -1 - 2 -1 0 0 0 0 0 0 0 0

[11:14:45] [RECV] in 3 240 32201 14 10 2 100 100 0 0 0 -1 1 0 -1 - 2 -1 0 0 0 0 0 0 0 0

[11:14:45] [RECV] in 3 243 32200 11 20 2 100 100 0 0 0 -1 1 0 -1 - 2 -1 0 0 0 0 0 0 0 0

[11:14:45] [RECV] in 3 240 32199 10 10 5 100 100 0 0 0 -1 1 0 -1 - 2 -1 0 0 0 0 0 0 0 0

[11:14:45] [RECV] in 2 326 32190 15 1 6 100 100 0 0 3 148962 1 0 -1 - 2 -1 0 0 0 0 0 0 0 0

[11:14:45] [RECV] in 2 335 32189 15 1 1 100 100 0 0 3 148962 1 0 -1 - 2 -1 0 0 0 0 0 0 0 0

[11:14:45] [RECV] in 2 315 32198 14 2 1 100 100 0 0 3 148962 1 0 -1 - 2 -1 0 0 0 0 0 0 0 0

[11:14:45] [RECV] in 9 1001 74789 24 22 1 0 0 0

[11:14:45] [RECV] in 9 1001 74788 22 22 1 0 0 0

[11:14:45] [RECV] in 9 1001 74787 9 22 1 0 0 0

[11:14:45] [RECV] in 9 1001 74786 7 22 1 0 0 0

[11:14:45] [RECV] eff 2 32190 825

[11:14:45] [SEND] walk 15 5 0 14
[11:14:46] [RECV] eff 3 32204 5000

[11:14:46] [SEND] walk 15 4 1 14
[11:14:46] [RECV] eff 3 32199 5000

[11:14:47] [RECV] su 1 148962 3 32201 855 8 11 4001 0 0 0 0 5703 0 0

[11:14:47] [RECV] in 3 243 32275 19 21 3 100 100 0 0 0 -1 0 0 -1 - 2 -1 0 0 0 0 0 0 0 0

[11:14:47] [RECV] eff 3 32200 826

[11:14:48] [RECV] su 1 148962 3 32204 855 8 11 4001 0 0 0 0 5787 0 0

[11:14:48] [RECV] eff 3 32200 826

[11:14:49] [RECV] eff 1 148962 15

[11:14:49] [RECV] su 1 148962 3 32205 855 8 11 4001 0 0 0 0 9578 0 0

[11:14:49] [RECV] in 3 265 32276 9 15 3 100 100 0 0 0 -1 0 0 -1 - 2 -1 0 0 0 0 0 0 0 0

[11:14:50] [RECV] eff 2 32189 825

[11:14:50] [RECV] eff 2 32198 825

[11:14:50] [RECV] eff 2 32190 825

[11:14:50] [RECV] eff 1 148962 15

[11:14:50] [RECV] su 1 148962 3 32199 855 8 11 4001 0 0 0 0 9789 0 0

[11:14:51] [RECV] su 1 148962 3 32203 855 8 11 4001 0 0 0 0 10239 0 0

[11:14:51] [RECV] in 3 265 32277 21 15 0 100 100 0 0 0 -1 0 0 -1 - 2 -1 0 0 0 0 0 0 0 0

[11:14:53] [SEND] walk 15 5 0 14
[11:14:53] [RECV] eff 3 32200 826

[11:14:54] [RECV] eff 3 32276 5000

[11:14:54] [RECV] su 1 148962 3 32200 855 8 11 4001 0 0 0 0 8555 0 0

[11:14:54] [RECV] eff 3 32276 826

[11:14:54] [RECV] eff 2 32189 825

[11:14:55] [RECV] eff 2 32198 825

[11:14:55] [RECV] su 1 148962 3 32276 855 8 11 4001 0 0 0 0 10511 0 0

[11:14:55] [RECV] eff 2 32190 825

[11:14:56] [RECV] eff 3 32275 826

[11:14:56] [RECV] su 1 148962 3 32277 855 8 11 4001 0 0 0 0 10437 0 0

[11:14:57] [RECV] eff 3 32275 826

[11:14:57] [RECV] su 1 148962 3 32202 855 8 11 4001 0 0 0 0 8343 0 0

[11:14:57] [SEND] walk 15 10 1 14
[11:14:58] [SEND] walk 17 12 0 14
[11:14:58] [SEND] walk 16 11 0 14
[11:14:59] [RECV] eff 1 148962 15

[11:14:59] [RECV] su 1 148962 3 32275 855 8 11 4001 0 0 0 0 13812 0 0

[11:15:00] [RECV] eff 2 32189 825

[11:15:00] [RECV] eff 2 32198 825

[11:15:00] [RECV] eff 2 32190 825

[11:15:00] [RECV] rsfn 0 7 0

[11:15:01] [RECV] gp 15 0 20010 1 0 0

[11:15:01] [RECV] gp 15 28 20012 2 2 0

[11:15:01] [RECV] in 2 326 32190 15 1 6 100 100 0 0 3 148962 1 0 -1 - 2 -1 0 0 0 0 0 0 0 0

[11:15:01] [RECV] in 2 335 32189 15 1 1 100 100 0 0 3 148962 1 0 -1 - 2 -1 0 0 0 0 0 0 0 0

[11:15:01] [RECV] in 2 315 32198 14 2 1 100 100 0 0 3 148962 1 0 -1 - 2 -1 0 0 0 0 0 0 0 0

[11:15:01] [RECV] in 9 5972 74802 9 17 1 0 0 148962

[11:15:01] [RECV] in 9 5854 74801 21 10 1 0 0 148962

[11:15:01] [RECV] in 9 1001 74789 24 22 1 0 0 0

[11:15:01] [RECV] in 9 1001 74788 22 22 1 0 0 0

[11:15:01] [RECV] in 9 1001 74787 9 22 1 0 0 0

[11:15:01] [RECV] in 9 1001 74786 7 22 1 0 0 0

[11:15:01] [RECV] msg 0 Une porte s'est ouverte.

[11:15:01] [RECV] evnt 1 0 3450 3740

[11:15:01] [RECV] evnt 1 0 4450 4450

[11:15:01] [RECV] msg 0 Tous les monstres sont éliminés !

[11:15:01] [RECV] evnt 3 1 -1 -1

[11:15:01] [RECV] evnt 3 1 -1 -1

[11:15:02] [SEND] walk 17 16 0 14
[11:15:03] [SEND] walk 17 21 0 14
[11:15:04] [SEND] walk 16 25 0 14
[11:15:05] [SEND] walk 15 27 0 14
[11:15:05] [RECV] eff 2 32189 825

[11:15:05] [RECV] eff 2 32198 825

[11:15:05] [SEND] preq
[11:15:05] [RECV] eff 2 32190 825

[11:15:05] [RECV] rsfn 0 7 0

[11:15:05] [RECV] at 148962 4807 15 0 2 0 51 2 -1

[11:15:05] [RECV] evnt 1 0 4410 4450

[11:15:05] [RECV] in 2 315 32198 14 0 1 100 100 0 0 3 148962 1 0 -1 - 2 -1 0 0 0 0 0 0 0 0

[11:15:05] [RECV] in 2 335 32189 15 0 1 100 100 0 0 3 148962 1 0 -1 - 2 -1 0 0 0 0 0 0 0 0

[11:15:05] [RECV] in 2 326 32190 15 0 6 100 100 0 0 3 148962 1 0 -1 - 2 -1 0 0 0 0 0 0 0 0

[11:15:06] [RECV] gp 15 0 20011 0 0 0

[11:15:06] [RECV] gp 15 28 20013 0 2 0

[11:15:06] [RECV] in 2 326 32190 15 0 6 100 100 0 0 3 148962 1 0 -1 - 2 -1 0 0 0 0 0 0 0 0

[11:15:06] [RECV] in 2 335 32189 15 0 1 100 100 0 0 3 148962 1 0 -1 - 2 -1 0 0 0 0 0 0 0 0

[11:15:06] [RECV] in 2 315 32198 14 0 1 100 100 0 0 3 148962 1 0 -1 - 2 -1 0 0 0 0 0 0 0 0

[11:15:06] [SEND] walk 15 5 0 14
[11:15:07] [SEND] walk 15 9 0 14
[11:15:07] [SEND] walk 15 11 0 14
[11:15:08] [SEND] walk 17 14 1 14
[11:15:09] [SEND] walk 17 19 0 14
[11:15:09] [SEND] walk 17 22 0 14
[11:15:10] [RECV] eff 2 32189 825

[11:15:10] [RECV] eff 2 32198 825

[11:15:10] [SEND] walk 17 24 0 14
[11:15:10] [RECV] eff 2 32190 825

[11:15:10] [SEND] walk 15 26 0 14
[11:15:11] [SEND] walk 15 27 0 14
[11:15:11] [SEND] preq
[11:15:12] [RECV] rsfn 0 8 0

[11:15:12] [RECV] at 148962 4811 15 0 2 0 51 2 -1

[11:15:12] [RECV] eff 3 32212 826

[11:15:12] [RECV] rsfm 59 2 0 0

[11:15:12] [RECV] evnt 1 0 4350 4450

[11:15:12] [RECV] in 2 315 32198 14 0 1 100 100 0 0 3 148962 1 0 -1 - 2 -1 0 0 0 0 0 0 0 0

[11:15:12] [RECV] in 2 335 32189 15 1 1 100 100 0 0 3 148962 1 0 -1 - 2 -1 0 0 0 0 0 0 0 0

[11:15:12] [RECV] in 2 326 32190 15 1 6 100 100 0 0 3 148962 1 0 -1 - 2 -1 0 0 0 0 0 0 0 0

[11:15:12] [RECV] gp 15 0 20012 1 0 0

[11:15:12] [RECV] gp 29 14 20014 1 1 0

[11:15:12] [RECV] in 3 205 32212 22 15 0 100 100 0 0 0 -1 1 0 -1 - 2 -1 0 0 0 0 0 0 0 0

[11:15:12] [RECV] in 3 205 32211 21 9 4 100 100 0 0 0 -1 1 0 -1 - 2 -1 0 0 0 0 0 0 0 0

[11:15:12] [RECV] in 3 240 32210 19 13 3 100 100 0 0 0 -1 1 0 -1 - 2 -1 0 0 0 0 0 0 0 0

[11:15:12] [RECV] in 3 240 32209 18 11 4 100 99 0 0 0 -1 1 0 -1 - 2 -1 0 0 0 0 0 0 0 0

[11:15:12] [RECV] in 3 240 32208 17 13 1 100 100 0 0 0 -1 1 0 -1 - 2 -1 0 0 0 0 0 0 0 0

[11:15:12] [RECV] in 3 240 32207 16 11 7 100 100 0 0 0 -1 1 0 -1 - 2 -1 0 0 0 0 0 0 0 0

[11:15:12] [RECV] in 3 205 32206 13 7 2 100 100 0 0 0 -1 1 0 -1 - 2 -1 0 0 0 0 0 0 0 0

[11:15:13] [RECV] in 2 326 32190 15 1 6 100 100 0 0 3 148962 1 0 -1 - 2 -1 0 0 0 0 0 0 0 0

[11:15:13] [RECV] in 2 335 32189 15 1 1 100 100 0 0 3 148962 1 0 -1 - 2 -1 0 0 0 0 0 0 0 0

[11:15:13] [RECV] in 2 315 32198 14 0 1 100 100 0 0 3 148962 1 0 -1 - 2 -1 0 0 0 0 0 0 0 0

[11:15:13] [RECV] eff 3 32206 5000

[11:15:13] [SEND] walk 15 5 0 14
[11:15:13] [RECV] eff 3 32208 5000

[11:15:13] [RECV] eff 3 32207 5000

[11:15:13] [SEND] walk 15 4 1 14
[11:15:14] [RECV] eff 1 148962 15

[11:15:14] [RECV] su 1 148962 3 32206 855 8 11 4001 0 0 0 0 17310 0 0

[11:15:14] [RECV] eff 2 32189 825

[11:15:15] [RECV] eff 2 32198 825

[11:15:15] [RECV] eff 2 32190 825

[11:15:15] [RECV] su 1 148962 3 32211 855 8 11 4001 0 0 0 0 10387 0 0

[11:15:16] [RECV] eff 3 32212 826

[11:15:17] [RECV] su 1 148962 3 32209 863 500 13 4017 0 0 0 0 7894 0 0

[11:15:17] [RECV] in 3 243 32278 14 14 2 100 100 0 0 0 -1 0 0 -1 - 2 -1 0 0 0 0 0 0 0 0

[11:15:17] [RECV] in 3 243 32279 17 18 3 100 100 0 0 0 -1 0 0 -1 - 2 -1 0 0 0 0 0 0 0 0

[11:15:17] [RECV] eff 1 148962 15

[11:15:17] [RECV] su 1 148962 3 32212 863 500 13 4017 0 0 0 0 23544 5 0

[11:15:17] [RECV] su 1 148962 3 32210 863 500 13 4017 0 0 0 0 8101 5 0

[11:15:17] [RECV] in 3 243 32280 11 11 3 100 100 0 0 0 -1 0 0 -1 - 2 -1 0 0 0 0 0 0 0 0

[11:15:17] [RECV] eff 1 148962 15

[11:15:17] [RECV] su 1 148962 3 32208 863 500 13 4017 0 0 0 0 13411 5 0

[11:15:17] [RECV] eff 1 148962 15

[11:15:17] [RECV] su 1 148962 3 32207 863 500 13 4017 0 0 0 0 13602 5 0

[11:15:17] [RECV] in 3 246 32281 11 15 5 100 100 0 0 0 -1 0 0 -1 - 2 -1 0 0 0 0 0 0 0 0

[11:15:17] [RECV] in 3 246 32282 13 18 6 100 100 0 0 0 -1 0 0 -1 - 2 -1 0 0 0 0 0 0 0 0

[11:15:17] [RECV] eff 3 32281 826

[11:15:18] [RECV] eff 3 32280 5000

[11:15:19] [RECV] su 1 148962 3 32280 855 8 11 4001 0 0 0 0 8531 0 0

[11:15:20] [RECV] eff 2 32189 825

[11:15:20] [RECV] eff 2 32198 825

[11:15:20] [RECV] eff 1 148962 15

[11:15:20] [RECV] su 1 148962 3 32278 855 8 11 4001 0 0 0 0 14001 0 0

[11:15:20] [RECV] eff 2 32190 825

[11:15:21] [RECV] su 1 148962 3 32282 855 8 11 4001 0 0 0 0 10125 0 0

[11:15:21] [RECV] eff 3 32281 826

[11:15:22] [RECV] su 1 148962 3 32281 855 8 11 4001 0 0 0 0 8846 0 0

[11:15:23] [RECV] eff 3 32279 826

[11:15:23] [SEND] walk 15 5 0 14
[11:15:24] [RECV] su 1 148962 3 32279 855 8 11 4001 0 0 0 0 8634 0 0

[11:15:24] [RECV] eff 2 32189 825

[11:15:25] [RECV] eff 2 32198 825

[11:15:25] [RECV] eff 2 32190 825

[11:15:25] [RECV] rsfn 0 9 0

[11:15:26] [RECV] gp 15 0 20012 1 0 0

[11:15:26] [RECV] gp 29 14 20014 2 1 0

[11:15:26] [RECV] in 2 326 32190 15 1 6 100 100 0 0 3 148962 1 0 -1 - 2 -1 0 0 0 0 0 0 0 0

[11:15:26] [RECV] in 2 335 32189 15 1 1 100 100 0 0 3 148962 1 0 -1 - 2 -1 0 0 0 0 0 0 0 0

[11:15:26] [RECV] in 2 315 32198 14 0 1 100 100 0 0 3 148962 1 0 -1 - 2 -1 0 0 0 0 0 0 0 0

[11:15:26] [RECV] in 9 1097 74803 13 7 1 0 0 148962

[11:15:26] [RECV] msg 0 Une porte s'est ouverte.

[11:15:26] [RECV] evnt 1 0 4200 4450

[11:15:26] [RECV] evnt 1 0 5200 5200

[11:15:26] [RECV] msg 0 Tous les monstres sont éliminés !

[11:15:26] [RECV] evnt 3 1 -1 -1

[11:15:26] [RECV] evnt 3 1 -1 -1

[11:15:27] [SEND] walk 19 7 0 14
[11:15:28] [SEND] walk 22 10 0 14
[11:15:28] [SEND] walk 26 13 0 14
[11:15:29] [SEND] walk 28 14 0 14
[11:15:29] [RECV] eff 2 32189 825

[11:15:30] [RECV] eff 2 32198 825

[11:15:30] [SEND] preq
[11:15:30] [RECV] rsfn 0 9 0

[11:15:30] [RECV] at 148962 4805 1 14 2 0 51 2 -1

[11:15:30] [RECV] evnt 1 0 5170 5200

[11:15:30] [RECV] in 2 315 32198 2 14 1 100 100 0 0 3 148962 1 0 -1 - 2 -1 0 0 0 0 0 0 0 0

[11:15:30] [RECV] in 2 335 32189 3 14 1 100 100 0 0 3 148962 1 0 -1 - 2 -1 0 0 0 0 0 0 0 0

[11:15:30] [RECV] in 2 326 32190 1 15 6 100 100 0 0 3 148962 1 0 -1 - 2 -1 0 0 0 0 0 0 0 0

[11:15:30] [RECV] eff 2 32190 825

[11:15:30] [RECV] gp 28 14 20015 0 1 0

[11:15:30] [RECV] gp 1 14 20013 0 3 0

[11:15:30] [RECV] in 2 326 32190 1 15 6 100 100 0 0 3 148962 1 0 -1 - 2 -1 0 0 0 0 0 0 0 0

[11:15:30] [RECV] in 2 335 32189 3 14 1 100 100 0 0 3 148962 1 0 -1 - 2 -1 0 0 0 0 0 0 0 0

[11:15:31] [RECV] in 2 315 32198 2 14 1 100 100 0 0 3 148962 1 0 -1 - 2 -1 0 0 0 0 0 0 0 0

[11:15:31] [SEND] walk 6 14 0 14
[11:15:32] [SEND] walk 9 14 0 14
[11:15:33] [SEND] walk 14 14 1 14
[11:15:33] [SEND] walk 18 14 0 14
[11:15:34] [SEND] walk 21 14 0 14
[11:15:34] [RECV] eff 2 32189 825

[11:15:35] [RECV] eff 2 32198 825

[11:15:35] [SEND] walk 26 14 1 14
[11:15:35] [RECV] eff 2 32190 825

[11:15:36] [SEND] walk 27 15 0 14
[11:15:36] [SEND] preq
[11:15:36] [RECV] rsfn 1 9 0

[11:15:36] [RECV] at 148962 4805 1 14 2 0 51 2 -1

[11:15:36] [RECV] evnt 1 0 5100 5200

[11:15:36] [RECV] in 2 315 32198 1 15 1 100 100 0 0 3 148962 1 0 -1 - 2 -1 0 0 0 0 0 0 0 0

[11:15:36] [RECV] in 2 335 32189 1 14 1 100 100 0 0 3 148962 1 0 -1 - 2 -1 0 0 0 0 0 0 0 0

[11:15:36] [RECV] in 2 326 32190 3 14 6 100 100 0 0 3 148962 1 0 -1 - 2 -1 0 0 0 0 0 0 0 0

[11:15:36] [RECV] gp 28 14 20016 0 1 0

[11:15:37] [RECV] gp 1 14 20014 0 3 0

[11:15:37] [RECV] in 2 326 32190 3 14 6 100 100 0 0 3 148962 1 0 -1 - 2 -1 0 0 0 0 0 0 0 0

[11:15:37] [RECV] in 2 335 32189 1 14 1 100 100 0 0 3 148962 1 0 -1 - 2 -1 0 0 0 0 0 0 0 0

[11:15:37] [RECV] in 2 315 32198 1 15 1 100 100 0 0 3 148962 1 0 -1 - 2 -1 0 0 0 0 0 0 0 0

[11:15:37] [SEND] walk 6 14 0 14
[11:15:38] [SEND] walk 10 14 0 14
[11:15:39] [SEND] walk 15 14 0 14
[11:15:39] [SEND] walk 16 14 0 14
[11:15:39] [SEND] walk 18 14 0 14
[11:15:40] [RECV] eff 2 32189 825

[11:15:40] [RECV] eff 2 32198 825

[11:15:40] [SEND] walk 20 14 1 14
[11:15:40] [RECV] eff 2 32190 825

[11:15:41] [SEND] walk 25 14 0 14
[11:15:41] [SEND] walk 28 14 0 14
[11:15:42] [SEND] preq
[11:15:42] [RECV] rsfn 2 9 0

[11:15:42] [RECV] at 148962 4805 1 14 2 0 51 2 -1

[11:15:42] [RECV] eff 3 32223 826

[11:15:42] [RECV] rsfm 59 2 0 0

[11:15:42] [RECV] evnt 1 0 5040 5200

[11:15:42] [RECV] in 2 315 32198 1 14 1 100 100 0 0 3 148962 1 0 -1 - 2 -1 0 0 0 0 0 0 0 0

[11:15:42] [RECV] in 2 335 32189 3 15 1 100 100 0 0 3 148962 1 0 -1 - 2 -1 0 0 0 0 0 0 0 0

[11:15:42] [RECV] in 2 326 32190 2 14 6 100 100 0 0 3 148962 1 0 -1 - 2 -1 0 0 0 0 0 0 0 0

[11:15:43] [RECV] gp 28 14 20017 1 1 0

[11:15:43] [RECV] gp 1 14 20015 1 3 0

[11:15:43] [RECV] in 3 235 32227 19 19 1 100 100 0 0 0 -1 1 0 -1 - 2 -1 0 0 0 0 0 0 0 0

[11:15:43] [RECV] in 3 235 32226 21 9 3 100 100 0 0 0 -1 1 0 -1 - 2 -1 0 0 0 0 0 0 0 0

[11:15:43] [RECV] in 3 246 32225 18 15 3 100 100 0 0 0 -1 1 0 -1 - 2 -1 0 0 0 0 0 0 0 0

[11:15:43] [RECV] in 3 246 32224 18 11 5 100 100 0 0 0 -1 1 0 -1 - 2 -1 0 0 0 0 0 0 0 0

[11:15:43] [RECV] in 3 235 32223 17 20 7 100 100 0 0 0 -1 1 0 -1 - 2 -1 0 0 0 0 0 0 0 0

[11:15:43] [RECV] in 3 235 32222 16 8 7 100 100 0 0 0 -1 1 0 -1 - 2 -1 0 0 0 0 0 0 0 0

[11:15:43] [RECV] in 3 238 32221 15 20 5 100 100 0 0 0 -1 1 0 -1 - 2 -1 0 0 0 0 0 0 0 0

[11:15:43] [RECV] in 3 238 32220 15 17 5 100 100 0 0 0 -1 1 0 -1 - 2 -1 0 0 0 0 0 0 0 0

[11:15:43] [RECV] in 3 238 32219 15 15 0 100 100 0 0 0 -1 1 0 -1 - 2 -1 0 0 0 0 0 0 0 0

[11:15:43] [RECV] in 3 238 32218 15 13 1 100 99 0 0 0 -1 1 0 -1 - 2 -1 0 0 0 0 0 0 0 0

[11:15:43] [RECV] in 3 238 32217 15 10 5 100 100 0 0 0 -1 1 0 -1 - 2 -1 0 0 0 0 0 0 0 0

[11:15:43] [RECV] in 3 235 32216 13 20 0 100 100 0 0 0 -1 1 0 -1 - 2 -1 0 0 0 0 0 0 0 0

[11:15:43] [RECV] in 3 235 32215 13 8 3 100 100 0 0 0 -1 1 0 -1 - 2 -1 0 0 0 0 0 0 0 0

[11:15:43] [RECV] in 3 235 32214 11 8 4 100 100 0 0 0 -1 1 0 -1 - 2 -1 0 0 0 0 0 0 0 0

[11:15:43] [RECV] in 3 235 32213 10 20 0 100 100 0 0 0 -1 1 0 -1 - 2 -1 0 0 0 0 0 0 0 0

[11:15:43] [RECV] in 2 326 32190 2 14 6 100 100 0 0 3 148962 1 0 -1 - 2 -1 0 0 0 0 0 0 0 0

[11:15:43] [RECV] in 2 335 32189 3 15 1 100 100 0 0 3 148962 1 0 -1 - 2 -1 0 0 0 0 0 0 0 0

[11:15:43] [RECV] in 2 315 32198 1 14 1 100 100 0 0 3 148962 1 0 -1 - 2 -1 0 0 0 0 0 0 0 0

[11:15:44] [RECV] in 9 1001 74791 24 24 1 0 0 0

[11:15:44] [RECV] in 9 1001 74790 6 24 1 0 0 0

[11:15:45] [RECV] eff 2 32189 825

[11:15:45] [RECV] eff 2 32198 825

[11:15:45] [RECV] eff 2 32190 825

[11:15:45] [SEND] walk 6 14 0 14
[11:15:46] [SEND] walk 10 13 0 14
[11:15:47] [SEND] walk 12 14 0 14
[11:15:47] [RECV] eff 3 32226 5000

[11:15:47] [RECV] eff 3 32223 826

[11:15:47] [RECV] eff 3 32222 5000

[11:15:47] [RECV] eff 3 32217 5000

[11:15:48] [RECV] su 1 148962 1 148962 864 400 12 4019 0 0 1 100 0 -2 0

[11:15:48] [RECV] eff 1 148962 15

[11:15:48] [RECV] su 1 148962 3 32226 864 400 12 4019 0 0 0 0 25122 5 0

[11:15:48] [RECV] eff 1 148962 15

[11:15:48] [RECV] su 1 148962 3 32222 864 400 12 4019 0 0 0 0 24878 5 0

[11:15:48] [RECV] eff 1 148962 15

[11:15:48] [RECV] su 1 148962 3 32220 864 400 12 4019 0 0 0 0 12361 5 0

[11:15:48] [RECV] su 1 148962 3 32219 864 400 12 4019 0 0 0 0 7903 5 0

[11:15:48] [RECV] su 1 148962 3 32218 864 400 12 4019 0 0 0 0 8009 5 0

[11:15:48] [RECV] eff 1 148962 15

[11:15:48] [RECV] su 1 148962 3 32217 864 400 12 4019 0 0 0 0 12622 5 0

[11:15:48] [RECV] eff 1 148962 15

[11:15:48] [RECV] su 1 148962 3 32216 864 400 12 4019 0 0 0 0 25089 5 0

[11:15:48] [RECV] eff 3 32215 5000

[11:15:48] [RECV] su 3 32225 2 32189 0 12 11 1052 0 0 1 97 537 0 0

[11:15:48] [RECV] eff 2 32189 5005

[11:15:49] [RECV] su 1 148962 3 32215 855 8 11 4001 0 0 0 0 11632 0 0

[11:15:50] [RECV] eff 3 32227 5000

[11:15:50] [RECV] eff 2 32189 825

[11:15:50] [RECV] eff 2 32198 825

[11:15:50] [RECV] eff 2 32190 825

[11:15:50] [RECV] su 3 32213 2 32190 0 12 11 200 0 0 1 93 930 0 0

[11:15:51] [RECV] su 2 32189 3 32225 433 0 11 1069 0 0 1 94 219 0 0

[11:15:51] [RECV] eff 1 148962 15

[11:15:51] [RECV] su 1 148962 3 32225 855 8 11 4001 0 0 0 0 16264 0 0

[11:15:51] [RECV] eff 2 32190 5005

[11:15:51] [RECV] su 2 32190 3 32213 0 14 11 1065 0 0 1 65 939 0 0

[11:15:52] [RECV] su 1 148962 3 32214 855 8 11 4001 0 0 0 0 12035 0 0

[11:15:52] [RECV] eff 3 32223 826

[11:15:52] [RECV] eff 2 32190 5005

[11:15:53] [RECV] su 2 32190 3 32213 0 7 11 1065 0 0 1 34 875 0 0

[11:15:53] [RECV] eff 1 148962 15

[11:15:53] [RECV] su 1 148962 3 32213 855 8 11 4001 0 0 0 0 19715 0 0

[11:15:53] [RECV] su 3 32227 1 148962 0 12 11 200 0 0 1 99 117 0 0

[11:15:54] [RECV] su 1 148962 3 32227 855 8 11 4001 0 0 0 0 11652 0 0

[11:15:55] [RECV] eff 2 32189 825

[11:15:55] [RECV] eff 2 32198 825

[11:15:55] [RECV] eff 2 32190 825

[11:15:55] [RECV] eff 1 148962 15

[11:15:56] [RECV] su 1 148962 3 32224 855 8 11 4001 0 0 0 0 16096 0 0

[11:15:57] [RECV] su 1 148962 3 32223 855 8 11 4001 0 0 0 0 11944 0 0

[11:15:57] [RECV] eff 3 32221 826

[11:15:58] [RECV] su 1 148962 3 32221 855 8 11 4001 0 0 0 0 5821 0 0

[11:15:58] [RECV] rsfn 3 9 0

[11:15:59] [RECV] gp 28 14 20017 2 1 0

[11:15:59] [RECV] gp 1 14 20015 1 3 0

[11:15:59] [RECV] in 2 326 32190 2 14 6 97 100 0 0 3 148962 1 0 -1 - 2 -1 0 0 0 0 0 0 0 0

[11:15:59] [RECV] in 2 335 32189 3 15 1 100 100 0 0 3 148962 1 0 -1 - 2 -1 0 0 0 0 0 0 0 0

[11:15:59] [RECV] in 2 315 32198 1 14 1 100 100 0 0 3 148962 1 0 -1 - 2 -1 0 0 0 0 0 0 0 0

[11:15:59] [RECV] in 9 5970 74807 6 15 1 0 0 148962

[11:15:59] [RECV] in 9 5972 74806 15 15 1 0 0 148962

[11:15:59] [RECV] in 9 5854 74805 14 10 1 0 0 148962

[11:15:59] [RECV] in 9 5970 74804 14 10 1 0 0 148962

[11:15:59] [RECV] in 9 1001 74791 24 24 1 0 0 0

[11:15:59] [RECV] in 9 1001 74790 6 24 1 0 0 0

[11:16:00] [RECV] msg 0 Une porte s'est ouverte.

[11:16:00] [RECV] evnt 1 0 4870 5200

[11:16:00] [RECV] evnt 1 0 5770 5770

[11:16:00] [RECV] msg 0 Tous les monstres sont éliminés !

[11:16:00] [RECV] evnt 3 1 -1 -1

[11:16:00] [RECV] evnt 3 1 -1 -1

[11:16:00] [RECV] rsfn 3 9 0

[11:16:00] [RECV] eff 2 32189 825

[11:16:00] [RECV] eff 2 32198 825

[11:16:00] [RECV] eff 2 32190 825

[11:16:01] [SEND] walk 17 14 1 14
[11:16:01] [SEND] walk 20 14 1 14
[11:16:02] [SEND] walk 23 14 1 14
[11:16:03] [SEND] walk 28 14 0 14
[11:16:03] [SEND] preq
[11:16:04] [RECV] rsfn 3 9 0

[11:16:04] [RECV] at 148962 4805 1 14 2 0 51 2 -1

[11:16:04] [RECV] evnt 1 0 5730 5770

[11:16:04] [RECV] in 2 315 32198 3 15 1 100 100 0 0 3 148962 1 0 -1 - 2 -1 0 0 0 0 0 0 0 0

[11:16:04] [RECV] in 2 335 32189 3 15 1 100 100 0 0 3 148962 1 0 -1 - 2 -1 0 0 0 0 0 0 0 0

[11:16:04] [RECV] in 2 326 32190 1 14 6 100 100 0 0 3 148962 1 0 -1 - 2 -1 0 0 0 0 0 0 0 0

[11:16:04] [RECV] gp 28 14 20018 0 1 0

[11:16:04] [RECV] gp 1 14 20016 0 3 0

[11:16:04] [RECV] in 2 326 32190 1 14 6 100 100 0 0 3 148962 1 0 -1 - 2 -1 0 0 0 0 0 0 0 0

[11:16:04] [RECV] in 2 335 32189 3 15 1 100 100 0 0 3 148962 1 0 -1 - 2 -1 0 0 0 0 0 0 0 0

[11:16:04] [RECV] in 2 315 32198 3 15 1 100 100 0 0 3 148962 1 0 -1 - 2 -1 0 0 0 0 0 0 0 0

[11:16:04] [RECV] eff 2 32189 825

[11:16:05] [RECV] eff 2 32198 825

[11:16:05] [SEND] walk 6 14 0 14
[11:16:05] [RECV] eff 2 32190 825

[11:16:05] [SEND] walk 9 14 0 14
[11:16:06] [SEND] walk 14 14 1 14
[11:16:07] [SEND] walk 16 14 0 14
[11:16:08] [SEND] walk 21 14 0 14
[11:16:08] [SEND] walk 26 14 1 14
[11:16:09] [SEND] walk 28 14 0 14
[11:16:10] [RECV] eff 2 32189 825

[11:16:10] [RECV] eff 2 32198 825

[11:16:10] [SEND] preq
[11:16:10] [RECV] rsfn 4 9 0

[11:16:10] [RECV] at 148962 4805 1 14 2 0 51 2 -1

[11:16:10] [RECV] eff 3 32229 826

[11:16:10] [RECV] rsfm 59 2 0 0

[11:16:10] [RECV] evnt 1 0 5670 5770

[11:16:10] [RECV] in 2 315 32198 3 14 1 100 100 0 0 3 148962 1 0 -1 - 2 -1 0 0 0 0 0 0 0 0

[11:16:10] [RECV] in 2 335 32189 1 14 1 100 100 0 0 3 148962 1 0 -1 - 2 -1 0 0 0 0 0 0 0 0

[11:16:10] [RECV] in 2 326 32190 1 14 6 100 100 0 0 3 148962 1 0 -1 - 2 -1 0 0 0 0 0 0 0 0

[11:16:10] [RECV] eff 2 32190 825

[11:16:10] [RECV] gp 28 14 20019 1 1 0

[11:16:10] [RECV] gp 1 14 20017 1 3 0

[11:16:10] [RECV] in 3 240 32234 21 10 1 100 100 0 0 0 -1 1 0 -1 - 2 -1 0 0 0 0 0 0 0 0

[11:16:10] [RECV] in 3 240 32233 18 10 6 100 100 0 0 0 -1 1 0 -1 - 2 -1 0 0 0 0 0 0 0 0

[11:16:10] [RECV] in 3 228 32232 15 17 5 100 100 0 0 0 -1 1 0 -1 - 2 -1 0 0 0 0 0 0 0 0

[11:16:11] [RECV] in 3 243 32231 14 20 4 100 100 0 0 0 -1 1 0 -1 - 2 -1 0 0 0 0 0 0 0 0

[11:16:11] [RECV] in 3 240 32230 14 10 7 100 100 0 0 0 -1 1 0 -1 - 2 -1 0 0 0 0 0 0 0 0

[11:16:11] [RECV] in 3 243 32229 13 18 3 100 100 0 0 0 -1 1 0 -1 - 2 -1 0 0 0 0 0 0 0 0

[11:16:11] [RECV] in 3 240 32228 10 10 3 100 99 0 0 0 -1 1 0 -1 - 2 -1 0 0 0 0 0 0 0 0

[11:16:11] [RECV] in 2 326 32190 1 14 6 100 100 0 0 3 148962 1 0 -1 - 2 -1 0 0 0 0 0 0 0 0

[11:16:11] [RECV] in 2 335 32189 1 14 1 100 100 0 0 3 148962 1 0 -1 - 2 -1 0 0 0 0 0 0 0 0

[11:16:11] [RECV] in 2 315 32198 3 14 1 100 100 0 0 3 148962 1 0 -1 - 2 -1 0 0 0 0 0 0 0 0

[11:16:11] [SEND] walk 6 14 0 14
[11:16:12] [RECV] eff 3 32232 5000

[11:16:12] [SEND] walk 9 12 0 14
[11:16:12] [SEND] walk 8 13 0 14
[11:16:13] [RECV] eff 3 32230 5000

[11:16:13] [RECV] su 1 148962 3 32228 855 8 11 4001 0 0 0 0 5592 0 0

[11:16:13] [RECV] in 3 243 32283 19 21 2 100 100 0 0 0 -1 0 0 -1 - 2 -1 0 0 0 0 0 0 0 0

[11:16:14] [RECV] in 3 231 32284 13 16 2 100 100 0 0 0 -1 0 0 -1 - 2 -1 0 0 0 0 0 0 0 0

[11:16:14] [RECV] su 3 32232 3 32232 0 30 11 200 0 0 1 100 0 -1 0

[11:16:14] [RECV] su 1 148962 3 32232 855 8 11 4001 0 0 0 0 10096 0 0

[11:16:14] [RECV] eff 1 148962 15

[11:16:14] [RECV] su 1 148962 3 32284 855 8 11 4001 0 0 0 0 21690 5 0

[11:16:14] [RECV] in 3 265 32285 9 15 3 100 100 0 0 0 -1 0 0 -1 - 2 -1 0 0 0 0 0 0 0 0

[11:16:14] [RECV] eff 3 32229 826

[11:16:14] [RECV] eff 2 32189 825

[11:16:15] [RECV] eff 2 32198 825

[11:16:15] [RECV] eff 2 32190 825

[11:16:15] [RECV] su 3 32285 2 32190 0 12 11 1055 0 0 1 95 603 0 0

[11:16:15] [RECV] su 1 148962 3 32231 855 8 11 4001 0 0 0 0 8408 0 0

[11:16:17] [RECV] eff 1 148962 15

[11:16:17] [RECV] su 1 148962 3 32285 855 8 11 4001 0 0 0 0 17049 0 0

[11:16:17] [RECV] in 3 265 32286 21 15 7 100 100 0 0 0 -1 0 0 -1 - 2 -1 0 0 0 0 0 0 0 0

[11:16:18] [RECV] eff 1 148962 15

[11:16:18] [RECV] su 1 148962 3 32229 855 8 11 4001 0 0 0 0 14001 0 0

[11:16:19] [RECV] eff 3 32230 826

[11:16:19] [RECV] eff 1 148962 15

[11:16:19] [RECV] su 1 148962 3 32230 855 8 11 4001 0 0 0 0 9641 0 0

[11:16:19] [SEND] walk 13 13 0 14
[11:16:20] [RECV] eff 3 32234 5000

[11:16:20] [RECV] eff 3 32233 5000

[11:16:20] [RECV] eff 2 32189 825

[11:16:20] [RECV] eff 2 32198 825

[11:16:20] [RECV] eff 3 32234 826

[11:16:20] [SEND] walk 9 13 1 14
[11:16:20] [RECV] eff 2 32190 825

[11:16:20] [RECV] eff 1 148962 15

[11:16:20] [RECV] su 1 148962 3 32233 855 8 11 4001 0 0 0 0 9537 0 0

[11:16:21] [RECV] su 1 148962 3 32234 855 8 11 4001 0 0 0 0 5524 0 0

[11:16:22] [RECV] eff 3 32286 826

[11:16:23] [RECV] su 1 148962 3 32286 855 8 11 4001 0 0 0 0 10484 0 0

[11:16:23] [RECV] eff 3 32283 826

[11:16:24] [RECV] su 1 148962 3 32283 855 8 11 4001 0 0 0 0 8533 0 0

[11:16:24] [RECV] rsfn 5 9 0

[11:16:25] [RECV] eff 2 32189 825

[11:16:25] [RECV] eff 2 32198 825

[11:16:25] [RECV] gp 28 14 20019 2 1 0

[11:16:25] [RECV] gp 1 14 20017 1 3 0

[11:16:25] [RECV] in 2 326 32190 3 14 6 99 100 0 0 3 148962 1 0 -1 - 2 -1 0 0 0 0 0 0 0 0

[11:16:25] [RECV] in 2 335 32189 1 14 1 100 100 0 0 3 148962 1 0 -1 - 2 -1 0 0 0 0 0 0 0 0

[11:16:25] [RECV] in 2 315 32198 3 14 1 100 100 0 0 3 148962 1 0 -1 - 2 -1 0 0 0 0 0 0 0 0

[11:16:25] [RECV] in 9 5855 74808 10 10 1 0 0 148962

[11:16:25] [RECV] msg 0 Une porte s'est ouverte.

[11:16:25] [RECV] evnt 1 0 5510 5770

[11:16:25] [RECV] evnt 1 0 6410 6410

[11:16:25] [RECV] msg 0 Tous les monstres sont éliminés !

[11:16:26] [RECV] evnt 3 1 -1 -1

[11:16:26] [RECV] evnt 3 1 -1 -1

[11:16:26] [RECV] eff 2 32190 825

[11:16:26] [RECV] rsfn 5 9 0

[11:16:26] [SEND] walk 14 13 0 14
[11:16:27] [SEND] walk 19 13 0 14
[11:16:28] [SEND] walk 24 13 1 14
[11:16:28] [SEND] walk 26 13 0 14
[11:16:30] [RECV] eff 2 32189 825

[11:16:30] [RECV] eff 2 32198 825

[11:16:30] [RECV] eff 2 32190 825

[11:16:30] [SEND] walk 27 15 0 14
[11:16:31] [SEND] preq
[11:16:31] [RECV] rsfn 5 9 0

[11:16:31] [RECV] at 148962 4805 1 14 2 0 51 2 -1

[11:16:31] [RECV] eff 3 32240 826

[11:16:31] [RECV] rsfm 59 2 0 0

[11:16:31] [RECV] evnt 1 0 6350 6410

[11:16:31] [RECV] in 2 315 32198 1 14 1 100 100 0 0 3 148962 1 0 -1 - 2 -1 0 0 0 0 0 0 0 0

[11:16:31] [RECV] in 2 335 32189 1 15 1 100 100 0 0 3 148962 1 0 -1 - 2 -1 0 0 0 0 0 0 0 0

[11:16:31] [RECV] in 2 326 32190 1 15 6 100 100 0 0 3 148962 1 0 -1 - 2 -1 0 0 0 0 0 0 0 0

[11:16:31] [RECV] gp 28 14 20020 1 1 0

[11:16:32] [RECV] gp 1 14 20018 1 3 0

[11:16:32] [RECV] in 3 205 32241 22 15 4 100 100 0 0 0 -1 1 0 -1 - 2 -1 0 0 0 0 0 0 0 0

[11:16:32] [RECV] in 3 205 32240 21 9 4 100 100 0 0 0 -1 1 0 -1 - 2 -1 0 0 0 0 0 0 0 0

[11:16:32] [RECV] in 3 240 32239 19 13 0 100 100 0 0 0 -1 1 0 -1 - 2 -1 0 0 0 0 0 0 0 0

[11:16:32] [RECV] in 3 240 32238 18 11 1 100 100 0 0 0 -1 1 0 -1 - 2 -1 0 0 0 0 0 0 0 0

[11:16:32] [RECV] in 3 240 32237 17 13 1 100 100 0 0 0 -1 1 0 -1 - 2 -1 0 0 0 0 0 0 0 0

[11:16:32] [RECV] in 3 240 32236 16 11 2 100 100 0 0 0 -1 1 0 -1 - 2 -1 0 0 0 0 0 0 0 0

[11:16:32] [RECV] in 3 205 32235 15 9 1 100 100 0 0 0 -1 1 0 -1 - 2 -1 0 0 0 0 0 0 0 0

[11:16:32] [RECV] in 2 326 32190 1 15 6 100 100 0 0 3 148962 1 0 -1 - 2 -1 0 0 0 0 0 0 0 0

[11:16:32] [RECV] in 2 335 32189 1 15 1 100 100 0 0 3 148962 1 0 -1 - 2 -1 0 0 0 0 0 0 0 0

[11:16:32] [RECV] in 2 315 32198 1 14 1 100 100 0 0 3 148962 1 0 -1 - 2 -1 0 0 0 0 0 0 0 0

[11:16:32] [RECV] in 9 1042 74794 25 5 1 0 0 0

[11:16:32] [RECV] in 9 1042 74793 24 22 1 0 0 0

[11:16:32] [RECV] in 9 1042 74792 14 22 1 0 0 0

[11:16:33] [SEND] walk 6 14 0 14
[11:16:33] [RECV] eff 3 32235 5000

[11:16:34] [RECV] eff 1 148962 15

[11:16:34] [RECV] su 1 148962 3 32236 855 8 11 4001 0 0 0 0 9410 0 0

[11:16:35] [RECV] eff 2 32189 825

[11:16:35] [RECV] eff 2 32198 825

[11:16:35] [RECV] eff 2 32190 825

[11:16:35] [RECV] eff 1 148962 15

[11:16:35] [RECV] su 1 148962 3 32235 855 8 11 4001 0 0 0 0 16978 0 0

[11:16:35] [RECV] su 1 148962 3 32240 855 8 11 4001 0 0 0 0 10217 5 0

[11:16:35] [RECV] in 3 243 32287 14 14 0 100 100 0 0 0 -1 0 0 -1 - 2 -1 0 0 0 0 0 0 0 0

[11:16:36] [RECV] in 3 243 32288 17 18 1 100 100 0 0 0 -1 0 0 -1 - 2 -1 0 0 0 0 0 0 0 0

[11:16:36] [RECV] eff 3 32287 5000

[11:16:36] [RECV] eff 3 32241 826

[11:16:37] [RECV] su 1 148962 3 32287 855 8 11 4001 0 0 0 0 8516 0 0

[11:16:38] [RECV] eff 1 148962 15

[11:16:38] [RECV] su 1 148962 3 32237 855 8 11 4001 0 0 0 0 9888 0 0

[11:16:38] [RECV] in 3 243 32289 11 11 0 100 100 0 0 0 -1 0 0 -1 - 2 -1 0 0 0 0 0 0 0 0

[11:16:38] [RECV] eff 3 32289 5000

[11:16:39] [RECV] su 1 148962 3 32238 855 8 11 4001 0 0 0 0 5687 0 0

[11:16:39] [RECV] eff 2 32189 825

[11:16:40] [RECV] eff 2 32198 825

[11:16:40] [RECV] eff 2 32190 825

[11:16:41] [RECV] su 1 148962 3 32289 855 8 11 4001 0 0 0 0 8678 0 0

[11:16:41] [RECV] in 3 246 32290 11 15 2 100 100 0 0 0 -1 0 0 -1 - 2 -1 0 0 0 0 0 0 0 0

[11:16:41] [RECV] in 3 246 32291 13 18 4 100 100 0 0 0 -1 0 0 -1 - 2 -1 0 0 0 0 0 0 0 0

[11:16:41] [RECV] eff 3 32241 826

[11:16:41] [RECV] eff 3 32291 5000

[11:16:42] [RECV] su 1 148962 3 32239 855 8 11 4001 0 0 0 0 5643 0 0

[11:16:42] [RECV] eff 3 32290 5000

[11:16:42] [RECV] su 3 32290 1 148962 0 12 11 1052 0 0 1 98 265 0 0

[11:16:43] [RECV] eff 1 148962 15

[11:16:43] [RECV] su 1 148962 3 32290 855 8 11 4001 0 0 0 0 16359 0 0

[11:16:43] [RECV] su 1 148962 3 32291 855 8 11 4001 0 0 0 0 9820 5 0

[11:16:44] [RECV] eff 1 148962 15

[11:16:44] [RECV] su 1 148962 3 32288 855 8 11 4001 0 0 0 0 14044 0 0

[11:16:44] [RECV] eff 2 32189 825

[11:16:45] [RECV] eff 2 32198 825

[11:16:45] [SEND] walk 11 14 1 14
[11:16:45] [RECV] eff 2 32190 825

[11:16:45] [SEND] walk 14 14 1 14
[11:16:46] [RECV] eff 3 32241 826

[11:16:46] [SEND] walk 13 14 0 14
[11:16:46] [RECV] eff 3 32241 5000

[11:16:46] [RECV] su 1 148962 3 32241 855 8 11 4001 0 0 0 0 10314 0 0

[11:16:48] [RECV] rsfn 6 9 0

[11:16:48] [RECV] gp 28 14 20020 2 1 0

[11:16:48] [RECV] gp 1 14 20018 1 3 0

[11:16:48] [RECV] in 2 326 32190 1 15 6 100 100 0 0 3 148962 1 0 -1 - 2 -1 0 0 0 0 0 0 0 0

[11:16:48] [RECV] in 2 335 32189 1 15 1 100 100 0 0 3 148962 1 0 -1 - 2 -1 0 0 0 0 0 0 0 0

[11:16:48] [RECV] in 2 315 32198 1 14 1 100 100 0 0 3 148962 1 0 -1 - 2 -1 0 0 0 0 0 0 0 0

[11:16:48] [RECV] in 9 5855 74809 8 14 1 0 0 148962

[11:16:48] [RECV] in 9 1042 74794 25 5 1 0 0 0

[11:16:48] [RECV] in 9 1042 74793 24 22 1 0 0 0

[11:16:48] [RECV] in 9 1042 74792 14 22 1 0 0 0

[11:16:49] [RECV] msg 0 Une porte s'est ouverte.

[11:16:49] [RECV] evnt 1 0 6180 6410

[11:16:49] [RECV] evnt 1 0 6980 6980

[11:16:49] [RECV] msg 0 Tous les monstres sont éliminés !

[11:16:49] [RECV] evnt 3 1 -1 -1

[11:16:49] [RECV] evnt 3 1 -1 -1

[11:16:49] [SEND] walk 18 14 0 14
[11:16:49] [RECV] eff 2 32189 825

[11:16:50] [RECV] eff 2 32198 825

[11:16:50] [SEND] walk 21 14 0 14
[11:16:50] [RECV] eff 2 32190 825

[11:16:51] [SEND] walk 26 14 1 14
[11:16:52] [SEND] walk 27 14 0 14
[11:16:52] [SEND] preq
[11:16:52] [RECV] rsfn 6 9 0

[11:16:52] [RECV] at 148962 4805 1 14 2 0 51 2 -1

[11:16:52] [RECV] evnt 1 0 6940 6980

[11:16:52] [RECV] in 2 315 32198 2 14 1 100 100 0 0 3 148962 1 0 -1 - 2 -1 0 0 0 0 0 0 0 0

[11:16:52] [RECV] in 2 335 32189 1 15 1 100 100 0 0 3 148962 1 0 -1 - 2 -1 0 0 0 0 0 0 0 0

[11:16:53] [RECV] in 2 326 32190 1 14 6 100 100 0 0 3 148962 1 0 -1 - 2 -1 0 0 0 0 0 0 0 0

[11:16:53] [RECV] gp 28 14 20021 0 1 0

[11:16:53] [RECV] gp 1 14 20019 0 3 0

[11:16:53] [RECV] in 2 326 32190 1 14 6 100 100 0 0 3 148962 1 0 -1 - 2 -1 0 0 0 0 0 0 0 0

[11:16:53] [RECV] in 2 335 32189 1 15 1 100 100 0 0 3 148962 1 0 -1 - 2 -1 0 0 0 0 0 0 0 0

[11:16:53] [RECV] in 2 315 32198 2 14 1 100 100 0 0 3 148962 1 0 -1 - 2 -1 0 0 0 0 0 0 0 0

[11:16:54] [SEND] walk 6 14 0 14
[11:16:55] [SEND] walk 11 14 1 14
[11:16:55] [RECV] eff 2 32189 825

[11:16:55] [RECV] eff 2 32198 825

[11:16:55] [SEND] walk 15 14 0 14
[11:16:55] [RECV] eff 2 32190 825

[11:16:56] [SEND] walk 18 14 0 14
[11:16:56] [SEND] walk 21 14 0 14
[11:16:57] [SEND] walk 26 14 1 14
[11:16:58] [SEND] walk 27 14 0 14
[11:16:58] [SEND] preq
[11:16:58] [RECV] rsfn 7 9 0

[11:16:58] [RECV] at 148962 4805 1 14 2 0 51 2 -1

[11:16:59] [RECV] evnt 1 0 6880 6980

[11:16:59] [RECV] in 2 315 32198 1 14 1 100 100 0 0 3 148962 1 0 -1 - 2 -1 0 0 0 0 0 0 0 0

[11:16:59] [RECV] in 2 335 32189 2 14 1 100 100 0 0 3 148962 1 0 -1 - 2 -1 0 0 0 0 0 0 0 0

[11:16:59] [RECV] in 2 326 32190 1 14 6 100 100 0 0 3 148962 1 0 -1 - 2 -1 0 0 0 0 0 0 0 0

[11:16:59] [RECV] gp 28 14 20022 0 1 0

[11:16:59] [RECV] gp 1 14 20020 0 3 0

[11:16:59] [RECV] in 2 326 32190 1 14 6 100 100 0 0 3 148962 1 0 -1 - 2 -1 0 0 0 0 0 0 0 0

[11:16:59] [RECV] in 2 335 32189 2 14 1 100 100 0 0 3 148962 1 0 -1 - 2 -1 0 0 0 0 0 0 0 0

[11:16:59] [RECV] in 2 315 32198 1 14 1 100 100 0 0 3 148962 1 0 -1 - 2 -1 0 0 0 0 0 0 0 0

[11:16:59] [RECV] eff 2 32189 825

[11:17:00] [RECV] eff 2 32198 825

[11:17:00] [SEND] walk 6 14 0 14
[11:17:00] [RECV] eff 2 32190 825

[11:17:01] [SEND] walk 11 14 1 14
[11:17:02] [SEND] walk 16 14 0 14
[11:17:03] [SEND] walk 21 14 0 14
[11:17:03] [SEND] walk 26 14 1 14
[11:17:04] [SEND] walk 27 14 0 14
[11:17:05] [RECV] eff 2 32189 825

[11:17:05] [RECV] eff 2 32198 825

[11:17:05] [SEND] preq
[11:17:05] [RECV] rsfn 8 9 0

[11:17:05] [RECV] at 148962 4810 1 14 2 0 51 2 -1

[11:17:05] [RECV] eff 3 32247 826

[11:17:05] [RECV] rsfm 59 2 0 0

[11:17:05] [RECV] evnt 1 0 6820 6980

[11:17:05] [RECV] in 2 315 32198 3 14 1 100 100 0 0 3 148962 1 0 -1 - 2 -1 0 0 0 0 0 0 0 0

[11:17:05] [RECV] in 2 335 32189 1 14 1 100 100 0 0 3 148962 1 0 -1 - 2 -1 0 0 0 0 0 0 0 0

[11:17:05] [RECV] in 2 326 32190 1 14 6 100 100 0 0 3 148962 1 0 -1 - 2 -1 0 0 0 0 0 0 0 0

[11:17:05] [RECV] eff 2 32190 825

[11:17:05] [RECV] gp 15 0 20023 1 0 0

[11:17:05] [RECV] gp 1 14 20021 1 3 0

[11:17:05] [RECV] in 3 240 32248 21 10 0 100 100 0 0 0 -1 1 0 -1 - 2 -1 0 0 0 0 0 0 0 0

[11:17:06] [RECV] in 3 240 32247 18 10 0 100 99 0 0 0 -1 1 0 -1 - 2 -1 0 0 0 0 0 0 0 0

[11:17:06] [RECV] in 3 228 32246 15 17 0 100 100 0 0 0 -1 1 0 -1 - 2 -1 0 0 0 0 0 0 0 0

[11:17:06] [RECV] in 3 243 32245 16 19 6 100 100 0 0 0 -1 1 0 -1 - 2 -1 0 0 0 0 0 0 0 0

[11:17:06] [RECV] in 3 240 32244 14 10 1 100 100 0 0 0 -1 1 0 -1 - 2 -1 0 0 0 0 0 0 0 0

[11:17:06] [RECV] in 3 243 32243 11 20 5 100 100 0 0 0 -1 1 0 -1 - 2 -1 0 0 0 0 0 0 0 0

[11:17:06] [RECV] in 3 240 32242 10 10 3 100 100 0 0 0 -1 1 0 -1 - 2 -1 0 0 0 0 0 0 0 0

[11:17:06] [RECV] in 2 326 32190 1 14 6 100 100 0 0 3 148962 1 0 -1 - 2 -1 0 0 0 0 0 0 0 0

[11:17:06] [RECV] in 2 335 32189 1 14 1 100 100 0 0 3 148962 1 0 -1 - 2 -1 0 0 0 0 0 0 0 0

[11:17:06] [RECV] in 2 315 32198 3 14 1 100 100 0 0 3 148962 1 0 -1 - 2 -1 0 0 0 0 0 0 0 0

[11:17:07] [SEND] walk 5 12 0 14
[11:17:07] [RECV] eff 3 32246 5000

[11:17:08] [RECV] su 1 148962 3 32242 855 8 11 4001 0 0 0 0 5524 0 0

[11:17:08] [RECV] in 3 243 32292 19 21 3 100 100 0 0 0 -1 0 0 -1 - 2 -1 0 0 0 0 0 0 0 0

[11:17:09] [RECV] eff 1 148962 15

[11:17:09] [RECV] su 1 148962 3 32245 855 8 11 4001 0 0 0 0 13836 0 0

[11:17:10] [RECV] eff 2 32189 825

[11:17:10] [RECV] eff 2 32198 825

[11:17:10] [RECV] eff 3 32247 826

[11:17:10] [RECV] eff 2 32190 825

[11:17:10] [RECV] eff 1 148962 15

[11:17:10] [RECV] su 1 148962 3 32243 855 8 11 4001 0 0 0 0 14050 0 0

[11:17:11] [RECV] in 3 265 32293 9 15 7 100 100 0 0 0 -1 0 0 -1 - 2 -1 0 0 0 0 0 0 0 0

[11:17:11] [RECV] eff 3 32293 5000

[11:17:12] [RECV] su 3 32293 1 148962 0 12 11 1055 0 0 1 98 265 0 0

[11:17:12] [RECV] eff 1 148962 15

[11:17:12] [RECV] su 1 148962 3 32292 855 8 11 4001 0 0 0 0 13766 0 0

[11:17:13] [RECV] in 3 231 32294 9 15 2 100 100 0 0 0 -1 0 0 -1 - 2 -1 0 0 0 0 0 0 0 0

[11:17:13] [RECV] su 3 32246 3 32246 0 30 11 200 0 0 1 100 0 -1 0

[11:17:13] [RECV] su 1 148962 3 32293 855 8 11 4001 0 0 0 0 10458 0 0

[11:17:13] [RECV] in 3 265 32295 21 15 0 100 100 0 0 0 -1 0 0 -1 - 2 -1 0 0 0 0 0 0 0 0

[11:17:13] [RECV] su 1 148962 3 32294 855 8 11 4001 0 0 0 0 12869 5 0

[11:17:13] [RECV] eff 1 148962 15

[11:17:13] [RECV] su 1 148962 3 32246 855 8 11 4001 0 0 0 0 16602 5 0

[11:17:14] [SEND] walk 8 15 0 14
[11:17:15] [RECV] eff 2 32189 825

[11:17:15] [RECV] eff 2 32198 825

[11:17:15] [RECV] eff 3 32247 826

[11:17:15] [RECV] eff 2 32190 825

[11:17:15] [SEND] walk 13 15 1 14
[11:17:16] [RECV] eff 3 32295 5000

[11:17:16] [RECV] eff 1 148962 15

[11:17:16] [RECV] su 1 148962 3 32295 855 8 11 4001 0 0 0 0 17819 0 0

[11:17:18] [RECV] eff 1 148962 15

[11:17:18] [RECV] su 1 148962 3 32244 855 8 11 4001 0 0 0 0 9807 0 0

[11:17:19] [RECV] eff 1 148962 15

[11:17:19] [RECV] su 1 148962 3 32247 855 8 11 4001 0 0 0 0 9549 0 0

[11:17:20] [RECV] eff 3 32248 826

[11:17:20] [RECV] eff 2 32189 825

[11:17:20] [RECV] eff 2 32198 825

[11:17:20] [RECV] eff 3 32248 826

[11:17:20] [RECV] eff 2 32190 825

[11:17:20] [RECV] eff 1 148962 15

[11:17:20] [RECV] su 1 148962 3 32248 855 8 11 4001 0 0 0 0 9450 0 0

[11:17:20] [RECV] rsfn 9 9 0

[11:17:21] [RECV] gp 15 0 20023 2 0 0

[11:17:21] [RECV] gp 1 14 20021 1 3 0

[11:17:21] [RECV] in 2 326 32190 1 14 6 100 100 0 0 3 148962 1 0 -1 - 2 -1 0 0 0 0 0 0 0 0

[11:17:21] [RECV] in 2 335 32189 1 14 1 100 100 0 0 3 148962 1 0 -1 - 2 -1 0 0 0 0 0 0 0 0

[11:17:21] [RECV] in 2 315 32198 3 14 1 100 100 0 0 3 148962 1 0 -1 - 2 -1 0 0 0 0 0 0 0 0

[11:17:21] [RECV] msg 0 Une porte s'est ouverte.

[11:17:21] [RECV] evnt 1 0 6650 6980

[11:17:21] [RECV] evnt 1 0 7450 7450

[11:17:22] [RECV] msg 0 Tous les monstres sont éliminés !

[11:17:22] [RECV] evnt 3 1 -1 -1

[11:17:22] [RECV] evnt 3 1 -1 -1

[11:17:22] [RECV] rsfn 9 9 0

[11:17:22] [SEND] walk 13 10 0 14
[11:17:23] [SEND] walk 13 7 0 14
[11:17:24] [SEND] walk 14 2 1 14
[11:17:25] [RECV] eff 2 32189 825

[11:17:25] [RECV] eff 2 32198 825

[11:17:25] [SEND] walk 15 1 1 14
[11:17:25] [SEND] preq
[11:17:25] [RECV] rsfn 9 9 0

[11:17:25] [RECV] at 148962 4807 15 28 2 0 51 2 -1

[11:17:25] [RECV] evnt 1 0 7410 7450

[11:17:25] [RECV] in 2 315 32198 15 28 1 100 100 0 0 3 148962 1 0 -1 - 2 -1 0 0 0 0 0 0 0 0

[11:17:25] [RECV] in 2 335 32189 14 26 1 100 100 0 0 3 148962 1 0 -1 - 2 -1 0 0 0 0 0 0 0 0

[11:17:25] [RECV] in 2 326 32190 14 26 6 100 100 0 0 3 148962 1 0 -1 - 2 -1 0 0 0 0 0 0 0 0

[11:17:25] [RECV] eff 2 32190 825

[11:17:25] [RECV] gp 15 0 20024 0 0 0

[11:17:26] [RECV] gp 15 28 20022 0 2 0

[11:17:26] [RECV] in 2 326 32190 14 26 6 100 100 0 0 3 148962 1 0 -1 - 2 -1 0 0 0 0 0 0 0 0

[11:17:26] [RECV] in 2 335 32189 14 26 1 100 100 0 0 3 148962 1 0 -1 - 2 -1 0 0 0 0 0 0 0 0

[11:17:26] [RECV] in 2 315 32198 15 28 1 100 100 0 0 3 148962 1 0 -1 - 2 -1 0 0 0 0 0 0 0 0

[11:17:26] [SEND] walk 15 23 0 14
[11:17:27] [SEND] walk 14 18 0 14
[11:17:28] [SEND] walk 16 15 1 14
[11:17:29] [SEND] walk 17 10 0 14
[11:17:30] [RECV] eff 2 32189 825

[11:17:30] [RECV] eff 2 32198 825

[11:17:30] [SEND] walk 17 5 1 14
[11:17:30] [RECV] eff 2 32190 825

[11:17:31] [SEND] walk 15 1 1 14
[11:17:31] [SEND] preq
[11:17:32] [RECV] rsfn 9 8 0

[11:17:32] [RECV] at 148962 4807 15 28 2 0 51 2 -1

[11:17:32] [RECV] eff 3 32256 826

[11:17:32] [RECV] rsfm 59 2 0 0

[11:17:32] [RECV] evnt 1 0 7350 7450

[11:17:32] [RECV] in 2 315 32198 15 26 1 100 100 0 0 3 148962 1 0 -1 - 2 -1 0 0 0 0 0 0 0 0

[11:17:32] [RECV] in 2 335 32189 15 26 1 100 100 0 0 3 148962 1 0 -1 - 2 -1 0 0 0 0 0 0 0 0

[11:17:32] [RECV] in 2 326 32190 15 27 6 100 100 0 0 3 148962 1 0 -1 - 2 -1 0 0 0 0 0 0 0 0

[11:17:32] [RECV] gp 15 0 20025 1 0 0

[11:17:32] [RECV] gp 15 28 20023 1 2 0

[11:17:32] [RECV] in 3 243 32258 21 9 3 100 100 0 0 0 -1 1 0 -1 - 2 -1 0 0 0 0 0 0 0 0

[11:17:32] [RECV] in 3 258 32257 15 18 6 100 99 0 0 0 -1 1 0 -1 - 2 -1 0 0 0 0 0 0 0 0

[11:17:32] [RECV] in 3 258 32256 15 17 1 100 100 0 0 0 -1 1 0 -1 - 2 -1 0 0 0 0 0 0 0 0

[11:17:32] [RECV] in 3 258 32255 15 16 4 100 100 0 0 0 -1 1 0 -1 - 2 -1 0 0 0 0 0 0 0 0

[11:17:33] [RECV] in 3 258 32254 14 18 4 100 100 0 0 0 -1 1 0 -1 - 2 -1 0 0 0 0 0 0 0 0

[11:17:33] [RECV] in 3 258 32253 14 17 0 100 100 0 0 0 -1 1 0 -1 - 2 -1 0 0 0 0 0 0 0 0

[11:17:33] [RECV] in 3 258 32252 14 16 6 100 100 0 0 0 -1 1 0 -1 - 2 -1 0 0 0 0 0 0 0 0

[11:17:33] [RECV] in 3 243 32251 13 8 2 100 100 0 0 0 -1 1 0 -1 - 2 -1 0 0 0 0 0 0 0 0

[11:17:33] [RECV] in 3 243 32250 12 17 4 100 100 0 0 0 -1 1 0 -1 - 2 -1 0 0 0 0 0 0 0 0

[11:17:33] [RECV] in 3 243 32249 7 7 4 100 100 0 0 0 -1 1 0 -1 - 2 -1 0 0 0 0 0 0 0 0

[11:17:33] [RECV] in 2 326 32190 15 27 6 100 100 0 0 3 148962 1 0 -1 - 2 -1 0 0 0 0 0 0 0 0

[11:17:33] [RECV] in 2 335 32189 15 26 1 100 100 0 0 3 148962 1 0 -1 - 2 -1 0 0 0 0 0 0 0 0

[11:17:33] [RECV] in 2 315 32198 15 26 1 100 100 0 0 3 148962 1 0 -1 - 2 -1 0 0 0 0 0 0 0 0

[11:17:33] [RECV] in 9 1042 74796 15 11 1 0 0 0

[11:17:33] [RECV] in 9 1042 74795 14 11 1 0 0 0

[11:17:34] [SEND] walk 15 23 0 14
[11:17:34] [RECV] eff 3 32253 5000

[11:17:35] [RECV] eff 3 32252 5000

[11:17:35] [RECV] eff 2 32189 825

[11:17:35] [RECV] eff 2 32198 825

[11:17:35] [RECV] eff 3 32250 5000

[11:17:35] [SEND] walk 15 18 0 14
[11:17:35] [RECV] eff 3 32255 5000

[11:17:35] [RECV] eff 2 32190 825

[11:17:35] [SEND] walk 15 21 0 14
[11:17:36] [RECV] su 1 148962 3 32257 855 8 11 4001 0 0 0 0 5906 0 0

[11:17:36] [RECV] in 3 243 32296 9 9 3 100 100 0 0 0 -1 0 0 -1 - 2 -1 0 0 0 0 0 0 0 0

[11:17:36] [RECV] su 1 148962 3 32256 855 8 11 4001 0 0 0 0 5899 5 0

[11:17:36] [RECV] in 3 243 32297 18 8 5 100 100 0 0 0 -1 0 0 -1 - 2 -1 0 0 0 0 0 0 0 0

[11:17:36] [RECV] in 3 243 32298 22 9 2 100 100 0 0 0 -1 0 0 -1 - 2 -1 0 0 0 0 0 0 0 0

[11:17:36] [RECV] eff 1 148962 15

[11:17:36] [RECV] su 1 148962 3 32254 855 8 11 4001 0 0 0 0 10211 5 0

[11:17:36] [RECV] in 3 243 32299 19 16 0 100 100 0 0 0 -1 0 0 -1 - 2 -1 0 0 0 0 0 0 0 0

[11:17:36] [RECV] eff 1 148962 15

[11:17:36] [RECV] su 1 148962 3 32253 855 8 11 4001 0 0 0 0 9668 5 0

[11:17:36] [RECV] eff 3 32299 5000

[11:17:37] [RECV] eff 3 32250 826

[11:17:37] [RECV] eff 3 32258 5000

[11:17:37] [RECV] su 1 148962 3 32250 855 8 11 4001 0 0 0 0 8307 0 0

[11:17:38] [RECV] eff 3 32296 826

[11:17:38] [RECV] su 1 148962 3 32249 855 8 11 4001 0 0 0 0 8701 0 0

[11:17:38] [RECV] su 3 32299 1 148962 0 20 11 200 0 0 1 98 195 0 0

[11:17:39] [RECV] eff 1 148962 15

[11:17:39] [RECV] su 1 148962 3 32299 855 8 11 4001 0 0 0 0 13760 0 0

[11:17:39] [RECV] eff 1 148962 15

[11:17:40] [RECV] su 1 148962 3 32258 855 8 11 4001 0 0 0 0 13996 5 0

[11:17:40] [RECV] eff 2 32189 825

[11:17:40] [RECV] eff 2 32198 825

[11:17:40] [RECV] eff 3 32296 826

[11:17:40] [RECV] eff 2 32190 825

[11:17:41] [RECV] eff 1 148962 15

[11:17:41] [RECV] su 1 148962 3 32251 855 8 11 4001 0 0 0 0 14100 0 0

[11:17:42] [RECV] su 1 148962 3 32255 855 8 11 4001 0 0 0 0 5731 0 0

[11:17:42] [RECV] eff 1 148962 15

[11:17:42] [RECV] su 1 148962 3 32252 855 8 11 4001 0 0 0 0 9852 5 0

[11:17:43] [RECV] su 1 148962 3 32296 855 8 11 4001 0 0 0 0 8320 0 0

[11:17:44] [RECV] eff 3 32298 826

[11:17:44] [RECV] su 1 148962 3 32298 855 8 11 4001 0 0 0 0 8708 0 0

[11:17:44] [RECV] eff 2 32189 825

[11:17:45] [RECV] eff 2 32198 825

[11:17:45] [RECV] eff 3 32297 826

[11:17:45] [RECV] eff 2 32190 825

[11:17:45] [RECV] eff 3 32297 826

[11:17:46] [SEND] walk 15 16 1 14
[11:17:46] [SEND] walk 16 15 1 14
[11:17:47] [RECV] su 1 148962 3 32297 855 8 11 4001 0 0 0 0 8509 0 0

[11:17:49] [RECV] rsfn 9 7 0

[11:17:49] [RECV] gp 15 0 20025 2 0 0

[11:17:49] [RECV] gp 15 28 20023 1 2 0

[11:17:49] [RECV] in 2 326 32190 15 27 6 100 100 0 0 3 148962 1 0 -1 - 2 -1 0 0 0 0 0 0 0 0

[11:17:49] [RECV] in 2 335 32189 15 26 1 100 100 0 0 3 148962 1 0 -1 - 2 -1 0 0 0 0 0 0 0 0

[11:17:49] [RECV] in 2 315 32198 15 26 1 100 100 0 0 3 148962 1 0 -1 - 2 -1 0 0 0 0 0 0 0 0

[11:17:49] [RECV] in 9 5854 74814 16 20 1 0 0 148962

[11:17:49] [RECV] in 9 1004 74813 14 17 1 0 0 148962

[11:17:50] [RECV] in 9 1004 74812 14 18 1 0 0 148962

[11:17:50] [RECV] in 9 5972 74811 15 17 1 0 0 148962

[11:17:50] [RECV] in 9 1097 74810 15 18 1 0 0 148962

[11:17:50] [RECV] in 9 1042 74796 15 11 1 0 0 0

[11:17:50] [RECV] in 9 1042 74795 14 11 1 0 0 0

[11:17:50] [RECV] msg 0 Une porte s'est ouverte.

[11:17:50] [RECV] evnt 1 0 7170 7450

[11:17:50] [RECV] evnt 1 0 7870 7870

[11:17:50] [RECV] msg 0 Tous les monstres sont éliminés !

[11:17:50] [RECV] evnt 3 1 -1 -1

[11:17:50] [RECV] evnt 3 1 -1 -1

[11:17:50] [RECV] eff 2 32189 825

[11:17:50] [RECV] eff 2 32198 825

[11:17:50] [RECV] eff 2 32190 825

[11:17:51] [SEND] walk 17 10 0 14
[11:17:52] [SEND] walk 17 5 1 14
[11:17:53] [SEND] walk 15 1 1 14
[11:17:54] [SEND] preq
[11:17:54] [RECV] rsfn 9 7 0

[11:17:54] [RECV] at 148962 4807 15 28 2 0 51 2 -1

[11:17:54] [RECV] evnt 1 0 7830 7870

[11:17:54] [RECV] in 2 315 32198 15 28 1 100 100 0 0 3 148962 1 0 -1 - 2 -1 0 0 0 0 0 0 0 0

[11:17:54] [RECV] in 2 335 32189 14 28 1 100 100 0 0 3 148962 1 0 -1 - 2 -1 0 0 0 0 0 0 0 0

[11:17:54] [RECV] in 2 326 32190 15 28 6 100 100 0 0 3 148962 1 0 -1 - 2 -1 0 0 0 0 0 0 0 0

[11:17:54] [RECV] gp 15 0 20026 0 0 0

[11:17:54] [RECV] gp 15 28 20024 0 2 0

[11:17:54] [RECV] in 2 326 32190 15 28 6 100 100 0 0 3 148962 1 0 -1 - 2 -1 0 0 0 0 0 0 0 0

[11:17:55] [RECV] in 2 335 32189 14 28 1 100 100 0 0 3 148962 1 0 -1 - 2 -1 0 0 0 0 0 0 0 0

[11:17:55] [RECV] in 2 315 32198 15 28 1 100 100 0 0 3 148962 1 0 -1 - 2 -1 0 0 0 0 0 0 0 0

[11:17:55] [RECV] eff 2 32189 825

[11:17:55] [RECV] eff 2 32198 825

[11:17:55] [RECV] eff 2 32190 825

[11:17:55] [SEND] walk 15 23 0 14
[11:17:56] [SEND] walk 15 18 0 14
[11:17:57] [SEND] walk 17 14 1 14
[11:17:58] [SEND] walk 17 9 0 14
[11:17:59] [SEND] walk 16 4 0 14
[11:17:59] [RECV] eff 2 32189 825

[11:18:00] [RECV] eff 2 32198 825

[11:18:00] [SEND] walk 15 1 1 14
[11:18:00] [RECV] eff 2 32190 825

[11:18:01] [SEND] preq
[11:18:01] [RECV] rsfn 9 6 0

[11:18:01] [RECV] at 148962 4807 15 28 2 0 51 2 -1

[11:18:01] [RECV] evnt 1 0 7760 7870

[11:18:01] [RECV] in 2 315 32198 14 28 1 100 100 0 0 3 148962 1 0 -1 - 2 -1 0 0 0 0 0 0 0 0

[11:18:01] [RECV] in 2 335 32189 14 28 1 100 100 0 0 3 148962 1 0 -1 - 2 -1 0 0 0 0 0 0 0 0

[11:18:01] [RECV] in 2 326 32190 15 28 6 100 100 0 0 3 148962 1 0 -1 - 2 -1 0 0 0 0 0 0 0 0

[11:18:01] [RECV] npc_req 1 148962 6298

[11:18:01] [RECV] gp 15 0 4997 4 0 0

[11:18:01] [RECV] gp 15 28 20025 0 2 0

[11:18:01] [RECV] in 2 326 32190 15 28 6 100 100 0 0 3 148962 1 0 -1 - 2 -1 0 0 0 0 0 0 0 0

[11:18:01] [RECV] in 2 335 32189 14 28 1 100 100 0 0 3 148962 1 0 -1 - 2 -1 0 0 0 0 0 0 0 0

[11:18:02] [RECV] in 2 315 32198 14 28 1 100 100 0 0 3 148962 1 0 -1 - 2 -1 0 0 0 0 0 0 0 0

[11:18:04] [RECV] evnt 1 0 7750 7870

[11:18:04] [RECV] eff 2 32189 825

[11:18:05] [RECV] eff 2 32198 825

[11:18:05] [SEND] walk 15 23 0 14
[11:18:05] [RECV] eff 2 32190 825

[11:18:06] [SEND] walk 15 18 0 14
[11:18:07] [SEND] walk 16 15 1 14
[11:18:07] [SEND] walk 17 12 0 14
[11:18:08] [SEND] walk 17 7 0 14
[11:18:09] [SEND] walk 16 3 1 14
[11:18:10] [RECV] eff 2 32189 825

[11:18:10] [RECV] eff 2 32198 825

[11:18:10] [SEND] walk 15 1 1 14
[11:18:10] [RECV] eff 2 32190 825

[11:18:10] [SEND] preq
[11:18:10] [RECV] msg 0 Merci de patienter

[11:18:11] [RECV] evnt 10 0 -1 -1

[11:18:11] [RECV] rsfm 59 1 10 10

[11:18:15] [RECV] msg 0 Tu ne peux plus accepter aucune autre quête.

[11:18:20] [RECV] evnt 10 0 -1 -1
