[13:03:19] [RECV] rbr 22.0.0 4 15 32.99 3 180.1 181.1 -1.0 -1.0 -1.0 1028.10 -1.0 2131.1 1087.1 -1.0 5672.¤Edern¤ 0 0 Un nouveau compagnonLe conflit avec les Kovolts a engendré de gros problèmes dans tout le pays. Lord Cuarry n'a pas su les convaincre d'arrêter leur grève et une bataille féroce oppose désormais ses chevaliers aux Kovolts. La question n'est plus de savoir si les revendications des Kovolts sont justifiées ou non. Pour mettre un terme à ce conflit, tu dois maintenant entrer dans la lutte contre les Kovolts. Tu n'as pas d'autre choix !

[13:03:21] [RECV] at 148962 5203 10 7 2 0 50 2 -1

[13:03:21] [RECV] rsfn 6 9 0

[13:03:21] [RECV] rsfn 5 9 1

[13:03:21] [RECV] rsfn 4 9 1

[13:03:21] [RECV] rsfn 4 8 1

[13:03:21] [RECV] rsfn 3 8 1

[13:03:21] [RECV] rsfn 2 8 1

[13:03:21] [RECV] rsfn 2 7 1

[13:03:21] [RECV] rsfn 3 7 1

[13:03:21] [RECV] rsfn 4 7 1

[13:03:21] [RECV] rsfn 5 7 1

[13:03:21] [RECV] rsfn 5 6 1

[13:03:21] [RECV] rsfn 6 6 1

[13:03:21] [RECV] rsfn 7 6 1

[13:03:21] [RECV] rsfn 7 7 1

[13:03:21] [RECV] rsfn 7 8 1

[13:03:21] [RECV] rsfn 7 9 1

[13:03:21] [RECV] evnt 1 -1 3000 3000

[13:03:21] [RECV] in 2 319 128179 11 9 2 100 100 0 0 3 148962 1 0 1102 Kliff 1 0 0 0 0 0 0 0 0 0

[13:03:21] [RECV] in 2 838 128192 12 8 2 100 100 0 0 3 148962 1 0 -1 Ratufu^de^la^Navy 2 -1 0 0 0 0 0 0 0 0

[13:03:21] [RECV] rsfm 22 0 8 10

[13:03:21] [RECV] evnt 1 -1 3000 3000

[13:03:21] [RECV] minfo 0 1 -1.0/0 -1.0/0 0/1 -1.0/0 1 3 0

[13:03:21] [RECV] msg 0 La mission commence dès que tu entres dans la première pièce.

[13:03:21] [RECV] gp 1 12 20047 0 3 0

[13:03:21] [RECV] in 2 838 128192 12 8 2 100 100 0 0 3 148962 1 0 -1 Ratufu^de^la^Navy 2 -1 0 0 0 0 0 0 0 0

[13:03:21] [RECV] in 2 319 128179 11 9 2 100 100 0 0 3 148962 1 0 1102 Kliff 1 0 0 0 0 0 0 0 0 0

[13:03:22] [SEND] walk 6 8 0 14
[13:03:23] [SEND] walk 3 11 0 14
[13:03:24] [SEND] walk 2 12 0 14
[13:03:24] [SEND] preq
[13:03:49] [RECV] rsfn 6 9 0

[13:03:49] [RECV] at 148962 5203 23 12 2 0 50 2 -1

[13:03:49] [RECV] npc_req 1 148962 6114

[13:03:49] [RECV] evnt 1 0 3000 3000

[13:03:49] [RECV] in 2 319 128179 23 11 2 100 100 0 0 3 148962 1 0 1102 Kliff 1 0 0 0 0 0 0 0 0 0

[13:03:49] [RECV] in 2 838 128192 22 10 2 100 100 0 0 3 148962 1 0 -1 Ratufu^de^la^Navy 2 -1 0 0 0 0 0 0 0 0

[13:03:49] [RECV] gp 23 12 20016 1 1 0

[13:03:49] [RECV] gp 1 12 20054 1 3 0

[13:03:49] [RECV] in 2 311 129536 15 22 7 100 100 0 0 0 -1 1 0 -1 - 2 -1 0 0 0 0 0 0 0 0

[13:03:49] [RECV] in 2 311 129535 15 19 3 100 100 0 0 0 -1 1 0 -1 - 2 -1 0 0 0 0 0 0 0 0

[13:03:49] [RECV] in 2 311 129534 15 14 0 100 100 0 0 0 -1 1 0 -1 - 2 -1 0 0 0 0 0 0 0 0

[13:03:49] [RECV] in 2 311 129533 15 11 4 100 100 0 0 0 -1 1 0 -1 - 2 -1 0 0 0 0 0 0 0 0

[13:03:49] [RECV] in 2 311 129532 15 8 6 100 100 0 0 0 -1 1 0 -1 - 2 -1 0 0 0 0 0 0 0 0

[13:03:49] [RECV] in 2 311 129531 15 7 0 100 100 0 0 0 -1 1 0 -1 - 2 -1 0 0 0 0 0 0 0 0

[13:03:49] [RECV] in 2 838 128192 22 10 2 100 100 0 0 3 148962 1 0 -1 Ratufu^de^la^Navy 2 -1 0 0 0 0 0 0 0 0

[13:03:49] [RECV] in 2 319 128179 23 11 2 100 100 0 0 3 148962 1 0 1102 Kliff 1 0 0 0 0 0 0 0 0 0

[13:03:50] [RECV] evnt 1 0 3000 3000

[13:03:50] [RECV] gp 23 12 20016 1 1 0

[13:03:50] [RECV] gp 1 12 20054 1 3 0

[13:03:50] [RECV] in 3 114 129541 15 21 6 100 100 0 0 0 -1 1 0 -1 - 2 -1 0 0 0 0 0 0 0 0

[13:03:50] [RECV] in 3 114 129540 15 12 1 100 100 0 0 0 -1 1 0 -1 - 2 -1 0 0 0 0 0 0 0 0

[13:03:50] [RECV] in 3 120 129539 15 9 7 100 100 0 0 0 -1 1 0 -1 - 2 -1 0 0 0 0 0 0 0 0

[13:03:50] [RECV] in 3 120 129538 13 17 0 100 100 0 0 0 -1 1 0 -1 - 2 -1 0 0 0 0 0 0 0 0

[13:03:50] [RECV] in 3 114 129537 10 12 3 100 100 0 0 0 -1 1 0 -1 - 2 -1 0 0 0 0 0 0 0 0

[13:03:50] [RECV] in 2 311 129536 15 22 7 100 100 0 0 0 -1 1 0 -1 - 2 -1 0 0 0 0 0 0 0 0

[13:03:50] [RECV] in 2 311 129535 15 19 3 100 100 0 0 0 -1 1 0 -1 - 2 -1 0 0 0 0 0 0 0 0

[13:03:50] [RECV] in 2 311 129534 15 14 0 100 100 0 0 0 -1 1 0 -1 - 2 -1 0 0 0 0 0 0 0 0

[13:03:50] [RECV] in 2 311 129533 15 11 4 100 100 0 0 0 -1 1 0 -1 - 2 -1 0 0 0 0 0 0 0 0

[13:03:50] [RECV] in 2 311 129532 15 8 6 100 100 0 0 0 -1 1 0 -1 - 2 -1 0 0 0 0 0 0 0 0

[13:03:50] [RECV] in 2 311 129531 15 7 0 100 100 0 0 0 -1 1 0 -1 - 2 -1 0 0 0 0 0 0 0 0

[13:03:50] [RECV] in 2 838 128192 22 10 2 100 100 0 0 3 148962 1 0 -1 Ratufu^de^la^Navy 2 -1 0 0 0 0 0 0 0 0

[13:03:50] [RECV] in 2 319 128179 23 11 2 100 100 0 0 3 148962 1 0 1102 Kliff 1 0 0 0 0 0 0 0 0 0

[13:03:50] [RECV] eff 3 129538 826

[13:03:50] [RECV] rsfm 22 2 0 0

[13:03:50] [RECV] evnt 1 0 2990 3000

[13:03:50] [RECV] minfo 0 1 -1.0/0 -1.0/0 1/1 -1.0/0 1 3 0

[13:03:50] [RECV] msg 0 Nouvel objectif de mission !

[13:03:51] [SEND] walk 18 12 0 14
[13:03:51] [RECV] su 3 129541 2 129536 0 12 11 200 0 0 1 100 0 1 0

[13:03:52] [RECV] eff 2 129535 6003

[13:03:52] [RECV] su 3 129538 2 129535 0 12 11 200 0 0 1 95 191 0 0

[13:03:52] [RECV] su 3 129537 2 129533 0 12 11 200 0 0 1 97 135 0 0

[13:03:52] [RECV] su 2 129536 3 129541 0 12 11 200 0 0 1 88 154 0 0

[13:03:52] [SEND] walk 17 11 1 14
[13:03:52] [RECV] eff 1 148962 15

[13:03:52] [RECV] su 1 148962 3 129540 855 8 11 4001 0 0 0 0 14308 0 0

[13:03:52] [RECV] in 3 114 129710 6 12 1 100 100 0 0 0 -1 0 0 -1 - 2 -1 0 0 0 0 0 0 0 0

[13:03:52] [RECV] in 3 114 129711 9 13 1 100 100 0 0 0 -1 0 0 -1 - 2 -1 0 0 0 0 0 0 0 0

[13:03:52] [RECV] in 3 114 129712 9 17 1 100 100 0 0 0 -1 0 0 -1 - 2 -1 0 0 0 0 0 0 0 0

[13:03:53] [SEND] walk 19 14 0 14
[13:03:53] [SEND] walk 17 12 0 14
[13:03:53] [RECV] su 1 148962 3 129537 855 8 11 4001 0 0 0 0 8466 0 0

[13:03:54] [RECV] eff 1 148962 15

[13:03:54] [RECV] su 1 148962 3 129711 855 8 11 4001 0 0 0 0 13990 5 0

[13:03:54] [RECV] in 3 120 129716 6 14 5 100 100 0 0 0 -1 0 0 -1 - 2 -1 0 0 0 0 0 0 0 0

[13:03:54] [RECV] in 3 120 129717 9 15 4 100 100 0 0 0 -1 0 0 -1 - 2 -1 0 0 0 0 0 0 0 0

[13:03:54] [SEND] walk 16 16 0 14
[13:03:54] [SEND] walk 17 14 1 14
[13:03:54] [RECV] su 3 129541 2 129536 0 12 11 200 0 0 1 97 96 0 0

[13:03:54] [RECV] su 3 129538 2 129535 0 12 11 200 0 0 1 92 199 0 0

[13:03:55] [RECV] eff 3 129538 826

[13:03:55] [RECV] eff 1 148962 15

[13:03:55] [RECV] su 1 148962 3 129538 855 8 11 4001 0 0 0 0 14107 0 0

[13:03:55] [RECV] eff 1 148962 15

[13:03:55] [RECV] su 1 148962 3 129539 855 8 11 4001 0 0 0 0 14320 5 0

[13:03:55] [SEND] walk 12 14 0 14
[13:03:55] [RECV] eff 3 129716 826

[13:03:56] [SEND] walk 15 14 0 14
[13:03:56] [RECV] su 1 148962 3 129712 855 8 11 4001 0 0 0 0 8216 0 0

[13:03:57] [SEND] walk 11 16 0 14
[13:03:57] [RECV] eff 3 129710 5000

[13:03:57] [SEND] walk 13 14 0 14
[13:03:57] [RECV] su 3 129717 3 129717 0 12 11 200 0 0 1 100 0 2 0

[13:03:57] [RECV] su 3 129541 2 129536 0 12 11 200 0 0 1 96 131 0 0

[13:03:58] [RECV] su 1 148962 3 129717 855 8 11 4001 0 0 0 0 7964 0 0

[13:03:58] [SEND] walk 10 18 1 14
[13:03:58] [RECV] eff 3 129716 826

[13:03:58] [SEND] walk 13 15 1 14
[13:03:59] [RECV] eff 1 148962 15

[13:03:59] [RECV] su 1 148962 3 129710 855 8 11 4001 0 0 0 0 14483 0 0

[13:03:59] [RECV] su 1 148962 3 129716 855 8 11 4001 0 0 0 0 8020 5 0

[13:03:59] [SEND] walk 9 18 0 14
[13:03:59] [SEND] walk 12 15 0 14
[13:03:59] [RECV] eff 3 129541 826

[13:04:00] [RECV] eff 3 129541 826

[13:04:00] [RECV] eff 1 148962 15

[13:04:00] [RECV] su 1 148962 3 129541 855 8 11 4001 0 0 0 0 14018 0 0

[13:04:00] [RECV] su 2 129536 2 129536 0 12 11 200 0 0 1 98 0 2 0

[13:04:00] [RECV] rsfn 5 9 0

[13:04:00] [RECV] rsfn 5 9 0

[13:04:01] [RECV] gp 23 12 20016 1 1 0

[13:04:01] [RECV] gp 1 12 20054 2 3 0

[13:04:01] [RECV] in 2 311 129536 13 21 7 98 100 0 0 0 -1 1 0 -1 - 2 -1 0 0 0 0 0 0 0 0

[13:04:01] [RECV] in 2 311 129535 15 19 3 95 100 0 0 0 -1 1 0 -1 - 2 -1 0 0 0 0 0 0 0 0

[13:04:01] [RECV] in 2 311 129534 16 17 0 100 100 0 0 0 -1 1 0 -1 - 2 -1 0 0 0 0 0 0 0 0

[13:04:01] [RECV] in 2 311 129533 14 13 4 100 100 0 0 0 -1 1 0 -1 - 2 -1 0 0 0 0 0 0 0 0

[13:04:01] [RECV] in 2 311 129532 15 6 6 100 100 0 0 0 -1 1 0 -1 - 2 -1 0 0 0 0 0 0 0 0

[13:04:01] [RECV] in 2 311 129531 12 6 0 100 100 0 0 0 -1 1 0 -1 - 2 -1 0 0 0 0 0 0 0 0

[13:04:01] [RECV] in 2 838 128192 22 10 2 100 100 0 0 3 148962 1 0 -1 Ratufu^de^la^Navy 2 -1 0 0 0 0 0 0 0 0

[13:04:01] [RECV] in 2 319 128179 23 11 2 100 100 0 0 3 148962 1 0 1102 Kliff 1 0 0 0 0 0 0 0 0 0

[13:04:01] [RECV] msg 0 Une porte s'est ouverte.

[13:04:01] [RECV] evnt 1 0 2880 3000

[13:04:01] [RECV] gp 23 12 20016 2 1 0

[13:04:01] [RECV] gp 1 12 20054 2 3 0

[13:04:01] [RECV] in 2 311 129536 13 21 7 98 100 0 0 0 -1 1 0 -1 - 2 -1 0 0 0 0 0 0 0 0

[13:04:02] [RECV] in 2 311 129535 15 19 3 95 100 0 0 0 -1 1 0 -1 - 2 -1 0 0 0 0 0 0 0 0

[13:04:02] [RECV] in 2 311 129534 16 17 0 100 100 0 0 0 -1 1 0 -1 - 2 -1 0 0 0 0 0 0 0 0

[13:04:02] [RECV] in 2 311 129533 14 13 4 100 100 0 0 0 -1 1 0 -1 - 2 -1 0 0 0 0 0 0 0 0

[13:04:02] [RECV] in 2 311 129532 15 6 6 100 100 0 0 0 -1 1 0 -1 - 2 -1 0 0 0 0 0 0 0 0

[13:04:02] [RECV] in 2 311 129531 12 6 0 100 100 0 0 0 -1 1 0 -1 - 2 -1 0 0 0 0 0 0 0 0

[13:04:02] [RECV] in 2 838 128192 22 10 2 100 100 0 0 3 148962 1 0 -1 Ratufu^de^la^Navy 2 -1 0 0 0 0 0 0 0 0

[13:04:02] [RECV] in 2 319 128179 23 11 2 100 100 0 0 3 148962 1 0 1102 Kliff 1 0 0 0 0 0 0 0 0 0

[13:04:02] [RECV] msg 0 Une porte s'est ouverte.

[13:04:02] [RECV] evnt 1 0 2880 3000

[13:04:02] [RECV] msg 0 L'ennemi a été vaincu !

[13:04:02] [RECV] evnt 3 1 -1 -1

[13:04:02] [RECV] evnt 3 1 -1 -1

[13:04:02] [SEND] walk 7 15 1 14
[13:04:02] [RECV] rsfn 5 9 0

[13:04:03] [SEND] walk 3 13 1 14
[13:04:04] [SEND] walk 2 12 0 14
[13:04:04] [SEND] preq
[13:04:04] [RECV] rsfn 5 9 0

[13:04:04] [RECV] at 148962 5203 23 12 2 0 50 2 -1

[13:04:04] [RECV] evnt 1 0 2860 3000

[13:04:04] [RECV] in 2 319 128179 22 10 2 100 100 0 0 3 148962 1 0 1102 Kliff 1 0 0 0 0 0 0 0 0 0

[13:04:04] [RECV] in 2 838 128192 23 12 2 100 100 0 0 3 148962 1 0 -1 Ratufu^de^la^Navy 2 -1 0 0 0 0 0 0 0 0

[13:04:04] [RECV] gp 12 1 20055 0 0 0

[13:04:05] [RECV] gp 23 12 20047 1 1 0

[13:04:05] [RECV] in 2 838 128192 23 12 2 100 100 0 0 3 148962 1 0 -1 Ratufu^de^la^Navy 2 -1 0 0 0 0 0 0 0 0

[13:04:05] [RECV] in 2 319 128179 22 10 2 100 100 0 0 3 148962 1 0 1102 Kliff 1 0 0 0 0 0 0 0 0 0

[13:04:05] [SEND] walk 18 12 0 14
[13:04:06] [SEND] walk 17 12 0 14
[13:04:07] [SEND] walk 16 7 0 14
[13:04:08] [SEND] walk 14 3 0 14
[13:04:09] [SEND] walk 13 2 0 14
[13:04:09] [SEND] preq
[13:04:09] [RECV] rsfn 4 9 0

[13:04:09] [RECV] at 148962 5203 12 23 2 0 50 2 -1

[13:04:09] [RECV] npc_req 1 148962 6114

[13:04:09] [RECV] evnt 1 0 2800 3000

[13:04:09] [RECV] in 2 319 128179 11 21 2 100 100 0 0 3 148962 1 0 1102 Kliff 1 0 0 0 0 0 0 0 0 0

[13:04:09] [RECV] in 2 838 128192 10 23 2 100 100 0 0 3 148962 1 0 -1 Ratufu^de^la^Navy 2 -1 0 0 0 0 0 0 0 0

[13:04:10] [RECV] gp 12 23 20054 1 2 0

[13:04:10] [RECV] gp 1 12 20062 1 3 0

[13:04:10] [RECV] in 2 311 129547 14 23 1 100 100 0 0 0 -1 1 0 -1 - 2 -1 0 0 0 0 0 0 0 0

[13:04:10] [RECV] in 2 311 129546 14 20 6 100 100 0 0 0 -1 1 0 -1 - 2 -1 0 0 0 0 0 0 0 0

[13:04:10] [RECV] in 2 311 129545 14 16 5 100 100 0 0 0 -1 1 0 -1 - 2 -1 0 0 0 0 0 0 0 0

[13:04:10] [RECV] in 2 311 129544 14 13 3 100 100 0 0 0 -1 1 0 -1 - 2 -1 0 0 0 0 0 0 0 0

[13:04:10] [RECV] in 2 311 129543 14 9 3 100 100 0 0 0 -1 1 0 -1 - 2 -1 0 0 0 0 0 0 0 0

[13:04:10] [RECV] in 2 311 129542 14 6 1 100 100 0 0 0 -1 1 0 -1 - 2 -1 0 0 0 0 0 0 0 0

[13:04:10] [RECV] in 2 838 128192 10 23 2 100 100 0 0 3 148962 1 0 -1 Ratufu^de^la^Navy 2 -1 0 0 0 0 0 0 0 0

[13:04:10] [RECV] in 2 319 128179 11 21 2 100 100 0 0 3 148962 1 0 1102 Kliff 1 0 0 0 0 0 0 0 0 0

[13:04:12] [RECV] evnt 1 0 2800 3000

[13:04:12] [RECV] gp 12 23 20054 1 2 0

[13:04:12] [RECV] gp 1 12 20062 1 3 0

[13:04:12] [RECV] in 3 120 129558 15 20 3 100 100 0 0 0 -1 1 0 -1 - 2 -1 0 0 0 0 0 0 0 0

[13:04:12] [RECV] in 3 120 129557 15 13 1 100 100 0 0 0 -1 1 0 -1 - 2 -1 0 0 0 0 0 0 0 0

[13:04:12] [RECV] in 3 120 129556 15 9 4 100 100 0 0 0 -1 1 0 -1 - 2 -1 0 0 0 0 0 0 0 0

[13:04:12] [RECV] in 3 117 129555 11 17 4 100 100 0 0 0 -1 1 0 -1 - 2 -1 0 0 0 0 0 0 0 0

[13:04:12] [RECV] in 3 114 129554 11 8 6 100 100 0 0 0 -1 1 0 -1 - 2 -1 0 0 0 0 0 0 0 0

[13:04:12] [RECV] in 3 114 129553 10 20 5 100 100 0 0 0 -1 1 0 -1 - 2 -1 0 0 0 0 0 0 0 0

[13:04:12] [RECV] in 3 117 129552 9 23 3 100 100 0 0 0 -1 1 0 -1 - 2 -1 0 0 0 0 0 0 0 0

[13:04:12] [RECV] in 3 114 129551 9 10 4 100 100 0 0 0 -1 1 0 -1 - 2 -1 0 0 0 0 0 0 0 0

[13:04:12] [RECV] in 3 117 129550 9 6 5 100 100 0 0 0 -1 1 0 -1 - 2 -1 0 0 0 0 0 0 0 0

[13:04:12] [RECV] in 3 114 129549 8 17 4 100 100 0 0 0 -1 1 0 -1 - 2 -1 0 0 0 0 0 0 0 0

[13:04:12] [RECV] in 3 117 129548 8 12 0 100 100 0 0 0 -1 1 0 -1 - 2 -1 0 0 0 0 0 0 0 0

[13:04:12] [RECV] in 2 311 129547 14 23 1 100 100 0 0 0 -1 1 0 -1 - 2 -1 0 0 0 0 0 0 0 0

[13:04:12] [RECV] in 2 311 129546 14 20 6 100 100 0 0 0 -1 1 0 -1 - 2 -1 0 0 0 0 0 0 0 0

[13:04:12] [RECV] in 2 311 129545 14 16 5 100 100 0 0 0 -1 1 0 -1 - 2 -1 0 0 0 0 0 0 0 0

[13:04:13] [RECV] in 2 311 129544 14 13 3 100 100 0 0 0 -1 1 0 -1 - 2 -1 0 0 0 0 0 0 0 0

[13:04:13] [RECV] in 2 311 129543 14 9 3 100 100 0 0 0 -1 1 0 -1 - 2 -1 0 0 0 0 0 0 0 0

[13:04:13] [RECV] in 2 311 129542 14 6 1 100 100 0 0 0 -1 1 0 -1 - 2 -1 0 0 0 0 0 0 0 0

[13:04:13] [RECV] in 2 838 128192 10 23 2 100 100 0 0 3 148962 1 0 -1 Ratufu^de^la^Navy 2 -1 0 0 0 0 0 0 0 0

[13:04:13] [RECV] in 2 319 128179 11 21 2 100 100 0 0 3 148962 1 0 1102 Kliff 1 0 0 0 0 0 0 0 0 0

[13:04:13] [RECV] eff 3 129554 826

[13:04:13] [RECV] rsfm 22 2 0 0

[13:04:13] [RECV] evnt 1 0 2790 3000

[13:04:13] [RECV] minfo 0 1 -1.0/0 -1.0/0 1/1 -1.0/0 1 3 0

[13:04:13] [RECV] msg 0 Nouvel objectif de mission !

[13:04:13] [RECV] eff 3 129558 5000

[13:04:13] [RECV] eff 3 129553 5000

[13:04:13] [RECV] su 3 129548 2 129544 0 10 11 1004 0 0 1 100 0 4 0

[13:04:13] [RECV] su 3 129556 2 129543 0 12 11 200 0 0 1 100 0 1 0

[13:04:13] [RECV] su 3 129555 2 129547 0 10 11 1004 0 0 1 98 68 0 0

[13:04:14] [RECV] eff 2 129547 6007

[13:04:14] [RECV] su 3 129552 2 129547 0 10 11 1004 0 0 1 97 54 0 0

[13:04:14] [RECV] su 3 129550 2 129543 0 10 11 1004 0 0 1 98 55 0 0

[13:04:14] [RECV] su 2 129543 3 129556 0 12 11 200 0 0 1 100 0 1 0

[13:04:14] [SEND] walk 13 19 0 14
[13:04:15] [RECV] su 3 129558 3 129558 403 50 12 1013 0 0 1 100 0 -2 0

[13:04:15] [RECV] su 3 129558 2 129546 403 50 12 1013 0 0 1 100 0 7 0

[13:04:15] [RECV] su 3 129557 3 129557 403 50 12 1013 0 0 1 100 0 -2 0

[13:04:15] [RECV] eff 2 129545 6003

[13:04:15] [RECV] su 3 129557 2 129545 403 50 12 1013 0 0 1 94 278 5 0

[13:04:15] [RECV] su 3 129553 2 128179 410 100 12 1020 0 0 1 99 35 0 0

[13:04:15] [SEND] walk 15 17 0 14
[13:04:15] [RECV] su 2 129546 3 129558 0 12 11 200 0 0 1 96 79 0 0

[13:04:15] [SEND] walk 14 18 0 14
[13:04:15] [RECV] su 3 129551 3 129551 410 100 12 1020 0 0 1 100 0 2 0

[13:04:16] [RECV] su 3 129549 2 129546 0 12 11 200 0 0 1 100 0 1 0

[13:04:16] [RECV] su 3 129556 2 129543 0 12 11 200 0 0 1 99 0 1 0

[13:04:16] [RECV] su 1 148962 1 148962 864 400 12 4019 0 0 1 100 0 -2 0

[13:04:16] [RECV] su 1 148962 3 129558 864 400 12 4019 0 0 0 0 10719 5 0

[13:04:16] [RECV] eff 1 148962 15

[13:04:16] [RECV] su 1 148962 3 129555 864 400 12 4019 0 0 0 0 17298 5 0

[13:04:16] [RECV] su 1 148962 3 129553 864 400 12 4019 0 0 0 0 11091 5 0

[13:04:16] [RECV] su 1 148962 3 129549 864 400 12 4019 0 0 0 0 11042 5 0

[13:04:16] [RECV] su 3 129554 2 129542 0 12 11 200 0 0 1 98 86 0 0

[13:04:16] [RECV] eff 3 129554 826

[13:04:16] [RECV] su 3 129550 2 129543 0 10 11 1004 0 0 1 98 40 0 0

[13:04:17] [RECV] su 3 129552 2 129547 0 10 11 1004 0 0 1 95 72 0 0

[13:04:17] [RECV] su 2 129544 3 129548 0 12 11 200 0 0 1 91 119 0 0

[13:04:17] [RECV] su 2 129542 3 129554 0 12 11 200 0 0 1 91 112 0 0

[13:04:17] [RECV] su 3 129557 2 129544 0 12 11 200 0 0 1 96 170 0 0

[13:04:17] [RECV] su 2 129543 3 129556 0 12 11 200 0 0 1 93 128 0 0

[13:04:18] [RECV] eff 1 148962 15

[13:04:18] [RECV] su 1 148962 3 129551 855 8 11 4001 0 0 0 0 13942 0 0

[13:04:18] [RECV] su 1 148962 3 129557 855 8 11 4001 0 0 0 0 8020 5 0

[13:04:18] [RECV] su 3 129550 2 129543 0 10 11 1004 0 0 1 99 0 4 0

[13:04:19] [RECV] su 3 129554 2 129542 0 12 11 200 0 0 1 99 0 1 0

[13:04:19] [RECV] su 3 129552 2 129547 0 10 11 1004 0 0 1 95 0 4 0

[13:04:19] [RECV] su 1 148962 3 129556 855 8 11 4001 0 0 0 0 8278 0 0

[13:04:19] [RECV] su 3 129548 2 129544 0 10 11 1004 0 0 1 96 43 0 0

[13:04:20] [SEND] walk 10 16 0 14
[13:04:20] [SEND] walk 12 18 0 14
[13:04:20] [RECV] eff 1 148962 15

[13:04:20] [RECV] su 1 148962 3 129548 855 8 11 4001 0 0 0 0 14383 0 0

[13:04:21] [SEND] walk 11 13 0 14
[13:04:21] [RECV] su 2 129542 3 129554 0 12 11 200 0 0 1 80 152 0 0

[13:04:21] [RECV] eff 3 129554 826

[13:04:21] [RECV] su 3 129552 2 129547 0 10 11 1004 0 0 1 94 62 0 0

[13:04:21] [RECV] su 3 129550 2 129543 0 10 11 1004 0 0 1 100 0 4 0

[13:04:22] [SEND] walk 12 14 0 14
[13:04:22] [RECV] su 3 129554 2 129542 0 12 11 200 0 0 1 100 0 1 0

[13:04:22] [RECV] su 1 148962 3 129552 855 8 11 4001 0 0 0 0 8303 0 0

[13:04:22] [RECV] su 2 129547 2 129547 0 12 11 200 0 0 1 94 0 2 0

[13:04:22] [SEND] walk 12 9 0 14
[13:04:23] [RECV] su 2 129543 3 129550 0 12 11 200 0 0 1 100 0 1 0

[13:04:23] [SEND] walk 12 12 0 14
[13:04:23] [RECV] eff 2 129547 6007

[13:04:23] [RECV] eff 1 148962 15

[13:04:23] [RECV] su 1 148962 3 129554 855 8 11 4001 0 0 0 0 14829 0 0

[13:04:24] [RECV] su 2 129542 2 129542 0 12 11 200 0 0 1 100 0 2 0

[13:04:24] [SEND] walk 10 12 1 14
[13:04:24] [RECV] su 3 129550 2 129543 0 10 11 1004 0 0 1 100 0 4 0

[13:04:24] [SEND] walk 11 12 0 14
[13:04:24] [RECV] eff 3 129550 826

[13:04:24] [RECV] eff 1 148962 15

[13:04:24] [RECV] su 1 148962 3 129550 855 8 11 4001 0 0 0 0 13825 0 0

[13:04:25] [RECV] rsfn 4 8 0

[13:04:25] [RECV] gp 12 23 20054 2 2 0

[13:04:25] [RECV] gp 1 12 20062 1 3 0

[13:04:25] [RECV] in 2 311 129547 12 22 1 94 100 0 0 0 -1 1 0 -1 - 2 -1 0 0 0 0 0 0 0 0

[13:04:25] [RECV] in 2 311 129546 13 18 6 100 100 0 0 0 -1 1 0 -1 - 2 -1 0 0 0 0 0 0 0 0

[13:04:25] [RECV] in 2 311 129545 16 16 5 99 100 0 0 0 -1 1 0 -1 - 2 -1 0 0 0 0 0 0 0 0

[13:04:25] [RECV] in 2 311 129544 8 10 3 98 100 0 0 0 -1 1 0 -1 - 2 -1 0 0 0 0 0 0 0 0

[13:04:25] [RECV] in 2 311 129543 10 6 3 100 100 0 0 0 -1 1 0 -1 - 2 -1 0 0 0 0 0 0 0 0

[13:04:25] [RECV] in 2 311 129542 13 6 1 100 100 0 0 0 -1 1 0 -1 - 2 -1 0 0 0 0 0 0 0 0

[13:04:25] [RECV] in 2 838 128192 10 23 2 100 100 0 0 3 148962 1 0 -1 Ratufu^de^la^Navy 2 -1 0 0 0 0 0 0 0 0

[13:04:25] [RECV] in 2 319 128179 11 21 2 99 100 0 0 3 148962 1 0 1102 Kliff 1 0 0 0 0 0 0 0 0 0

[13:04:25] [RECV] msg 0 Une porte s'est ouverte.

[13:04:25] [RECV] evnt 1 0 2660 3000

[13:04:26] [RECV] gp 12 23 20054 2 2 0

[13:04:26] [RECV] gp 1 12 20062 2 3 0

[13:04:26] [RECV] in 2 311 129547 12 22 1 94 100 0 0 0 -1 1 0 -1 - 2 -1 0 0 0 0 0 0 0 0

[13:04:26] [RECV] in 2 311 129546 13 18 6 100 100 0 0 0 -1 1 0 -1 - 2 -1 0 0 0 0 0 0 0 0

[13:04:26] [RECV] in 2 311 129545 16 16 5 99 100 0 0 0 -1 1 0 -1 - 2 -1 0 0 0 0 0 0 0 0

[13:04:26] [RECV] in 2 311 129544 8 10 3 98 100 0 0 0 -1 1 0 -1 - 2 -1 0 0 0 0 0 0 0 0

[13:04:26] [RECV] in 2 311 129543 10 6 3 100 100 0 0 0 -1 1 0 -1 - 2 -1 0 0 0 0 0 0 0 0

[13:04:26] [RECV] in 2 311 129542 13 6 1 100 100 0 0 0 -1 1 0 -1 - 2 -1 0 0 0 0 0 0 0 0

[13:04:26] [RECV] in 2 838 128192 10 23 2 100 100 0 0 3 148962 1 0 -1 Ratufu^de^la^Navy 2 -1 0 0 0 0 0 0 0 0

[13:04:26] [RECV] in 2 319 128179 11 21 2 99 100 0 0 3 148962 1 0 1102 Kliff 1 0 0 0 0 0 0 0 0 0

[13:04:26] [RECV] msg 0 Une porte s'est ouverte.

[13:04:26] [RECV] evnt 1 0 2660 3000

[13:04:26] [RECV] evnt 1 0 4160 4160

[13:04:26] [RECV] msg 1 Tu as réussi la mission éclair.

[13:04:26] [RECV] evnt 3 1 -1 -1

[13:04:26] [RECV] evnt 3 1 -1 -1

[13:04:26] [RECV] rsfn 4 8 0

[13:04:27] [SEND] walk 6 12 0 14
[13:04:27] [SEND] walk 3 12 0 14
[13:04:28] [SEND] walk 1 12 1 14
[13:04:28] [SEND] preq
[13:04:29] [RECV] rsfn 4 8 0

[13:04:29] [RECV] at 148962 5203 23 12 2 0 50 2 -1

[13:04:29] [RECV] evnt 1 0 4130 4160

[13:04:29] [RECV] in 2 319 128179 23 10 2 99 100 0 0 3 148962 1 0 1102 Kliff 1 0 0 0 0 0 0 0 0 0

[13:04:29] [RECV] in 2 838 128192 23 10 2 100 100 0 0 3 148962 1 0 -1 Ratufu^de^la^Navy 2 -1 0 0 0 0 0 0 0 0

[13:04:29] [RECV] gp 23 12 20055 0 1 0

[13:04:29] [RECV] gp 1 12 20065 0 3 0

[13:04:29] [RECV] in 2 838 128192 23 10 2 100 100 0 0 3 148962 1 0 -1 Ratufu^de^la^Navy 2 -1 0 0 0 0 0 0 0 0

[13:04:29] [RECV] in 2 319 128179 23 10 2 99 100 0 0 3 148962 1 0 1102 Kliff 1 0 0 0 0 0 0 0 0 0

[13:04:30] [SEND] walk 18 12 0 14
[13:04:31] [SEND] walk 14 12 0 14
[13:04:31] [SEND] walk 11 12 0 14
[13:04:32] [SEND] walk 6 12 0 14
[13:04:33] [SEND] walk 2 12 0 14
[13:04:34] [SEND] preq
[13:04:34] [RECV] rsfn 3 8 0

[13:04:34] [RECV] at 148962 5203 23 12 2 0 50 2 -1

[13:04:34] [RECV] npc_req 1 148962 6114

[13:04:34] [RECV] evnt 1 0 4080 4160

[13:04:34] [RECV] in 2 319 128179 21 10 2 100 100 0 0 3 148962 1 0 1102 Kliff 1 0 0 0 0 0 0 0 0 0

[13:04:34] [RECV] in 2 838 128192 23 11 2 100 100 0 0 3 148962 1 0 -1 Ratufu^de^la^Navy 2 -1 0 0 0 0 0 0 0 0

[13:04:34] [RECV] gp 12 1 20066 1 0 0

[13:04:35] [RECV] gp 23 12 20062 1 1 0

[13:04:35] [RECV] in 2 311 129566 15 23 4 100 100 0 0 0 -1 1 0 -1 - 2 -1 0 0 0 0 0 0 0 0

[13:04:35] [RECV] in 2 311 129565 15 22 0 100 100 0 0 0 -1 1 0 -1 - 2 -1 0 0 0 0 0 0 0 0

[13:04:35] [RECV] in 2 311 129564 15 21 0 100 100 0 0 0 -1 1 0 -1 - 2 -1 0 0 0 0 0 0 0 0

[13:04:35] [RECV] in 2 311 129563 15 18 6 100 100 0 0 0 -1 1 0 -1 - 2 -1 0 0 0 0 0 0 0 0

[13:04:35] [RECV] in 2 311 129562 15 14 1 100 100 0 0 0 -1 1 0 -1 - 2 -1 0 0 0 0 0 0 0 0

[13:04:35] [RECV] in 2 311 129561 15 9 5 100 100 0 0 0 -1 1 0 -1 - 2 -1 0 0 0 0 0 0 0 0

[13:04:35] [RECV] in 2 311 129560 15 7 1 100 100 0 0 0 -1 1 0 -1 - 2 -1 0 0 0 0 0 0 0 0

[13:04:35] [RECV] in 2 311 129559 15 6 2 100 100 0 0 0 -1 1 0 -1 - 2 -1 0 0 0 0 0 0 0 0

[13:04:35] [RECV] in 2 838 128192 23 11 2 100 100 0 0 3 148962 1 0 -1 Ratufu^de^la^Navy 2 -1 0 0 0 0 0 0 0 0

[13:04:35] [RECV] in 2 319 128179 21 10 2 100 100 0 0 3 148962 1 0 1102 Kliff 1 0 0 0 0 0 0 0 0 0

[13:04:36] [RECV] evnt 1 0 4080 4160

[13:04:37] [RECV] gp 12 1 20066 1 0 0

[13:04:37] [RECV] gp 23 12 20062 1 1 0

[13:04:37] [RECV] in 3 120 129581 14 19 3 100 100 0 0 0 -1 1 0 -1 - 2 -1 0 0 0 0 0 0 0 0

[13:04:37] [RECV] in 3 120 129580 14 11 7 100 100 0 0 0 -1 1 0 -1 - 2 -1 0 0 0 0 0 0 0 0

[13:04:37] [RECV] in 3 114 129579 11 22 7 100 100 0 0 0 -1 1 0 -1 - 2 -1 0 0 0 0 0 0 0 0

[13:04:37] [RECV] in 3 114 129578 11 21 0 100 100 0 0 0 -1 1 0 -1 - 2 -1 0 0 0 0 0 0 0 0

[13:04:37] [RECV] in 3 114 129577 11 17 2 100 100 0 0 0 -1 1 0 -1 - 2 -1 0 0 0 0 0 0 0 0

[13:04:37] [RECV] in 3 114 129576 11 14 7 100 100 0 0 0 -1 1 0 -1 - 2 -1 0 0 0 0 0 0 0 0

[13:04:37] [RECV] in 3 114 129575 11 10 5 100 100 0 0 0 -1 1 0 -1 - 2 -1 0 0 0 0 0 0 0 0

[13:04:38] [RECV] in 3 114 129574 11 7 2 100 100 0 0 0 -1 1 0 -1 - 2 -1 0 0 0 0 0 0 0 0

[13:04:38] [RECV] in 3 120 129573 8 17 4 100 100 0 0 0 -1 1 0 -1 - 2 -1 0 0 0 0 0 0 0 0

[13:04:38] [RECV] in 3 120 129572 8 15 3 100 100 0 0 0 -1 1 0 -1 - 2 -1 0 0 0 0 0 0 0 0

[13:04:38] [RECV] in 3 120 129571 8 11 6 100 100 0 0 0 -1 1 0 -1 - 2 -1 0 0 0 0 0 0 0 0

[13:04:38] [RECV] in 3 117 129570 6 8 4 100 100 0 0 0 -1 1 0 -1 - 2 -1 0 0 0 0 0 0 0 0

[13:04:38] [RECV] in 3 117 129569 5 13 6 100 100 0 0 0 -1 1 0 -1 - 2 -1 0 0 0 0 0 0 0 0

[13:04:38] [RECV] in 3 117 129568 5 11 3 100 100 0 0 0 -1 1 0 -1 - 2 -1 0 0 0 0 0 0 0 0

[13:04:38] [RECV] in 3 117 129567 4 13 1 100 100 0 0 0 -1 1 0 -1 - 2 -1 0 0 0 0 0 0 0 0

[13:04:38] [RECV] in 2 311 129566 15 23 4 100 100 0 0 0 -1 1 0 -1 - 2 -1 0 0 0 0 0 0 0 0

[13:04:38] [RECV] in 2 311 129565 15 22 0 100 100 0 0 0 -1 1 0 -1 - 2 -1 0 0 0 0 0 0 0 0

[13:04:38] [RECV] in 2 311 129564 15 21 0 100 100 0 0 0 -1 1 0 -1 - 2 -1 0 0 0 0 0 0 0 0

[13:04:38] [RECV] in 2 311 129563 15 18 6 100 100 0 0 0 -1 1 0 -1 - 2 -1 0 0 0 0 0 0 0 0

[13:04:38] [RECV] in 2 311 129562 15 14 1 100 100 0 0 0 -1 1 0 -1 - 2 -1 0 0 0 0 0 0 0 0

[13:04:38] [RECV] in 2 311 129561 15 9 5 100 100 0 0 0 -1 1 0 -1 - 2 -1 0 0 0 0 0 0 0 0

[13:04:38] [RECV] in 2 311 129560 15 7 1 100 100 0 0 0 -1 1 0 -1 - 2 -1 0 0 0 0 0 0 0 0

[13:04:38] [RECV] in 2 311 129559 15 6 2 100 100 0 0 0 -1 1 0 -1 - 2 -1 0 0 0 0 0 0 0 0

[13:04:38] [RECV] in 2 838 128192 23 11 2 100 100 0 0 3 148962 1 0 -1 Ratufu^de^la^Navy 2 -1 0 0 0 0 0 0 0 0

[13:04:38] [RECV] in 2 319 128179 21 10 2 100 100 0 0 3 148962 1 0 1102 Kliff 1 0 0 0 0 0 0 0 0 0

[13:04:38] [RECV] eff 3 129580 826

[13:04:38] [RECV] rsfm 22 2 0 0

[13:04:38] [RECV] evnt 1 0 4070 4160

[13:04:38] [RECV] minfo 0 1 -1.0/0 -1.0/0 1/1 -1.0/0 1 3 0

[13:04:38] [RECV] msg 0 Nouvel objectif de mission !

[13:04:39] [RECV] su 3 129577 2 129564 0 12 11 200 0 0 1 100 0 1 0

[13:04:39] [RECV] su 3 129575 2 129561 0 12 11 200 0 0 1 100 0 1 0

[13:04:39] [RECV] su 2 129564 3 129577 0 12 11 200 0 0 1 100 0 1 0

[13:04:39] [RECV] su 2 129561 3 129575 0 12 11 200 0 0 1 91 120 0 0

[13:04:40] [RECV] su 3 129580 2 129562 0 12 11 200 0 0 1 100 0 1 0

[13:04:40] [SEND] walk 18 12 0 14
[13:04:40] [RECV] su 3 129579 2 129566 0 12 11 200 0 0 1 97 120 0 0

[13:04:40] [RECV] su 3 129576 3 129576 0 12 11 200 0 0 1 100 0 2 0

[13:04:40] [RECV] su 3 129573 2 129565 0 12 11 200 0 0 1 100 0 1 0

[13:04:40] [RECV] su 2 129562 3 129580 0 12 11 200 0 0 1 95 96 0 0

[13:04:40] [RECV] su 3 129581 2 129566 0 12 11 200 0 0 1 96 100 0 0

[13:04:41] [RECV] eff 2 129560 6007

[13:04:41] [RECV] su 3 129567 2 129560 0 10 11 1004 0 0 1 99 39 0 0

[13:04:41] [RECV] su 2 129565 3 129573 0 12 11 200 0 0 1 94 106 0 0

[13:04:41] [RECV] su 3 129578 2 129565 0 12 11 200 0 0 1 100 0 1 0

[13:04:41] [RECV] su 3 129571 2 129559 0 12 11 200 0 0 1 100 0 1 0

[13:04:41] [RECV] su 3 129577 2 129564 0 12 11 200 0 0 1 100 0 1 0

[13:04:42] [RECV] eff 3 129580 826

[13:04:42] [RECV] su 3 129575 2 129561 0 12 11 200 0 0 1 98 88 0 0

[13:04:42] [RECV] su 1 148962 3 129573 855 8 11 4001 0 0 0 0 8419 0 0

[13:04:42] [RECV] su 1 148962 3 129579 855 8 11 4001 0 0 0 0 8592 5 0

[13:04:42] [RECV] eff 1 148962 15

[13:04:42] [RECV] su 1 148962 3 129578 855 8 11 4001 0 0 0 0 14569 5 0

[13:04:42] [RECV] eff 1 148962 15

[13:04:42] [RECV] su 1 148962 3 129577 855 8 11 4001 0 0 0 0 13904 5 0

[13:04:42] [RECV] su 3 129572 2 129561 0 12 11 200 0 0 1 98 0 1 0

[13:04:42] [RECV] su 3 129580 2 129562 0 12 11 200 0 0 1 96 180 0 0

[13:04:42] [RECV] su 3 129574 2 129559 410 100 12 1020 0 0 1 100 0 1 0

[13:04:42] [RECV] su 2 129559 3 129571 0 12 11 200 0 0 1 95 86 0 0

[13:04:43] [RECV] su 3 129570 2 129560 0 10 11 1004 0 0 1 97 87 0 0

[13:04:43] [RECV] su 3 129568 2 129560 0 10 11 1004 0 0 1 95 83 0 0

[13:04:43] [RECV] su 2 129566 3 129581 0 12 11 200 0 0 1 96 76 0 0

[13:04:43] [RECV] eff 1 148962 15

[13:04:43] [RECV] su 1 148962 3 129580 855 8 11 4001 0 0 0 0 13601 0 0

[13:04:43] [RECV] su 3 129567 2 129560 0 10 11 1004 0 0 1 94 34 0 0

[13:04:43] [RECV] su 2 129561 3 129575 0 12 11 200 0 0 1 82 121 0 0

[13:04:43] [RECV] su 3 129581 2 129566 0 12 11 200 0 0 1 93 195 0 0

[13:04:44] [RECV] su 3 129569 2 129560 0 10 11 1004 0 0 1 93 49 0 0

[13:04:44] [RECV] eff 3 129569 826

[13:04:44] [RECV] su 3 129576 2 129563 0 12 11 200 0 0 1 97 103 0 0

[13:04:44] [RECV] su 2 129560 3 129567 0 12 11 200 0 0 1 91 123 0 0

[13:04:45] [RECV] su 3 129571 2 129559 0 12 11 200 0 0 1 100 0 1 0

[13:04:45] [RECV] su 3 129572 2 129561 0 12 11 200 0 0 1 94 258 3 0

[13:04:45] [RECV] eff 1 148962 15

[13:04:45] [RECV] su 1 148962 3 129576 855 8 11 4001 0 0 0 0 14566 0 0

[13:04:45] [RECV] su 3 129570 2 129560 0 10 11 1004 0 0 1 93 0 4 0

[13:04:45] [RECV] su 2 129559 3 129571 0 12 11 200 0 0 1 89 128 0 0

[13:04:45] [RECV] su 3 129575 2 129561 0 12 11 200 0 0 1 92 114 0 0

[13:04:45] [RECV] su 3 129574 2 129559 0 12 11 200 0 0 1 97 125 0 0

[13:04:45] [RECV] su 3 129568 2 129560 0 10 11 1004 0 0 1 91 75 0 0

[13:04:46] [RECV] su 3 129567 2 129560 0 10 11 1004 0 0 1 90 55 0 0

[13:04:46] [RECV] su 3 129569 2 129560 0 10 11 1004 0 0 1 89 65 0 0

[13:04:46] [RECV] eff 3 129569 826

[13:04:46] [RECV] su 1 148962 3 129575 855 8 11 4001 0 0 0 0 8554 0 0

[13:04:46] [RECV] eff 1 148962 15

[13:04:46] [RECV] su 1 148962 3 129572 855 8 11 4001 0 0 0 0 13568 5 0

[13:04:46] [RECV] su 3 129581 2 129566 0 12 11 200 0 0 1 92 119 0 0

[13:04:47] [RECV] su 2 129566 3 129581 0 12 11 200 0 0 1 90 108 0 0

[13:04:47] [RECV] su 2 129560 3 129567 0 12 11 200 0 0 1 81 145 0 0

[13:04:47] [RECV] su 1 148962 3 129581 855 8 11 4001 0 0 0 0 7952 0 0

[13:04:48] [RECV] su 3 129570 2 129560 0 10 11 1004 0 0 1 88 44 0 0

[13:04:48] [RECV] su 2 129559 3 129571 0 12 11 200 0 0 1 85 73 0 0

[13:04:49] [RECV] su 3 129569 2 129560 0 10 11 1004 0 0 1 88 0 4 0

[13:04:49] [RECV] su 3 129568 2 129560 0 10 11 1004 0 0 1 88 0 4 0

[13:04:49] [RECV] su 3 129567 2 129560 0 10 11 1004 0 0 1 88 0 4 0

[13:04:49] [RECV] su 1 148962 3 129574 855 8 11 4001 0 0 0 0 8607 0 0

[13:04:49] [RECV] su 1 148962 3 129571 855 8 11 4001 0 0 0 0 8056 5 0

[13:04:50] [RECV] su 3 129570 2 129560 0 10 11 1004 0 0 1 87 40 0 0

[13:04:51] [RECV] su 2 129560 3 129567 0 12 11 200 0 0 1 73 112 0 0

[13:04:51] [RECV] eff 2 129560 6007

[13:04:51] [RECV] su 3 129569 2 129560 0 10 11 1004 0 0 1 87 0 4 0

[13:04:51] [RECV] su 3 129568 2 129560 0 10 11 1004 0 0 1 86 52 0 0

[13:04:51] [RECV] su 1 148962 3 129568 855 8 11 4001 0 0 0 0 8110 0 0

[13:04:51] [RECV] eff 3 129569 826

[13:04:51] [RECV] su 3 129567 2 129560 0 10 11 1004 0 0 1 86 0 4 0

[13:04:52] [SEND] walk 13 12 1 14
[13:04:52] [SEND] walk 16 12 1 14
[13:04:52] [RECV] su 3 129570 2 129560 0 10 11 1004 0 0 1 84 71 0 0

[13:04:52] [RECV] su 1 148962 3 129567 855 8 11 4001 0 0 0 0 8468 0 0

[13:04:53] [SEND] walk 11 13 0 14
[13:04:53] [SEND] walk 14 12 0 14
[13:04:53] [RECV] su 3 129569 2 129560 0 10 11 1004 0 0 1 84 37 0 0

[13:04:54] [RECV] su 1 148962 3 129569 855 8 11 4001 0 0 0 0 8174 0 0

[13:04:55] [RECV] eff 3 129570 826

[13:04:55] [RECV] su 3 129570 2 129560 0 10 11 1004 0 0 1 83 53 0 0

[13:04:55] [RECV] su 2 129560 3 129570 0 12 11 200 0 0 1 92 100 0 0

[13:04:55] [RECV] su 1 148962 3 129570 855 8 11 4001 0 0 0 0 8239 0 0

[13:04:55] [RECV] rsfn 2 8 0

[13:04:56] [RECV] gp 12 1 20066 1 0 0

[13:04:56] [RECV] gp 23 12 20062 2 1 0

[13:04:56] [RECV] in 2 311 129566 10 19 4 96 100 0 0 0 -1 1 0 -1 - 2 -1 0 0 0 0 0 0 0 0

[13:04:56] [RECV] in 2 311 129565 13 20 0 100 100 0 0 0 -1 1 0 -1 - 2 -1 0 0 0 0 0 0 0 0

[13:04:56] [RECV] in 2 311 129564 17 15 0 100 100 0 0 0 -1 1 0 -1 - 2 -1 0 0 0 0 0 0 0 0

[13:04:56] [RECV] in 2 311 129563 13 20 6 100 100 0 0 0 -1 1 0 -1 - 2 -1 0 0 0 0 0 0 0 0

[13:04:56] [RECV] in 2 311 129562 17 11 1 100 100 0 0 0 -1 1 0 -1 - 2 -1 0 0 0 0 0 0 0 0

[13:04:56] [RECV] in 2 311 129561 16 8 5 97 100 0 0 0 -1 1 0 -1 - 2 -1 0 0 0 0 0 0 0 0

[13:04:56] [RECV] in 2 311 129560 6 9 1 83 100 0 0 0 -1 1 0 -1 - 2 -1 0 0 0 0 0 0 0 0

[13:04:57] [RECV] in 2 311 129559 13 3 2 100 100 0 0 0 -1 1 0 -1 - 2 -1 0 0 0 0 0 0 0 0

[13:04:57] [RECV] in 2 838 128192 23 11 2 100 100 0 0 3 148962 1 0 -1 Ratufu^de^la^Navy 2 -1 0 0 0 0 0 0 0 0

[13:04:57] [RECV] in 2 319 128179 21 10 2 100 100 0 0 3 148962 1 0 1102 Kliff 1 0 0 0 0 0 0 0 0 0

[13:04:57] [RECV] msg 0 Une porte s'est ouverte.

[13:04:57] [RECV] evnt 1 0 3880 4160

[13:04:57] [RECV] gp 12 1 20066 2 0 0

[13:04:57] [RECV] gp 23 12 20062 2 1 0

[13:04:57] [RECV] in 2 311 129566 10 19 4 96 100 0 0 0 -1 1 0 -1 - 2 -1 0 0 0 0 0 0 0 0

[13:04:57] [RECV] in 2 311 129565 13 20 0 100 100 0 0 0 -1 1 0 -1 - 2 -1 0 0 0 0 0 0 0 0

[13:04:57] [RECV] in 2 311 129564 17 15 0 100 100 0 0 0 -1 1 0 -1 - 2 -1 0 0 0 0 0 0 0 0

[13:04:57] [RECV] in 2 311 129563 13 20 6 100 100 0 0 0 -1 1 0 -1 - 2 -1 0 0 0 0 0 0 0 0

[13:04:57] [RECV] in 2 311 129562 17 11 1 100 100 0 0 0 -1 1 0 -1 - 2 -1 0 0 0 0 0 0 0 0

[13:04:57] [RECV] in 2 311 129561 16 8 5 97 100 0 0 0 -1 1 0 -1 - 2 -1 0 0 0 0 0 0 0 0

[13:04:57] [RECV] in 2 311 129560 6 9 1 83 100 0 0 0 -1 1 0 -1 - 2 -1 0 0 0 0 0 0 0 0

[13:04:57] [RECV] in 2 311 129559 13 3 2 100 100 0 0 0 -1 1 0 -1 - 2 -1 0 0 0 0 0 0 0 0

[13:04:57] [RECV] in 2 838 128192 23 11 2 100 100 0 0 3 148962 1 0 -1 Ratufu^de^la^Navy 2 -1 0 0 0 0 0 0 0 0

[13:04:57] [RECV] in 2 319 128179 21 10 2 100 100 0 0 3 148962 1 0 1102 Kliff 1 0 0 0 0 0 0 0 0 0

[13:04:57] [RECV] msg 0 Une porte s'est ouverte.

[13:04:57] [RECV] evnt 1 0 3880 4160

[13:04:58] [RECV] evnt 1 0 4880 4880

[13:04:58] [RECV] msg 1 Tu as réussi la mission éclair.

[13:04:58] [RECV] evnt 3 1 -1 -1

[13:04:58] [RECV] evnt 3 1 -1 -1

[13:04:58] [RECV] rsfn 2 8 0

[13:04:59] [SEND] walk 14 7 0 14
[13:05:00] [SEND] walk 13 2 0 14
[13:05:01] [SEND] preq
[13:05:01] [RECV] rsfn 2 8 0

[13:05:01] [RECV] at 148962 5203 12 23 2 0 50 2 -1

[13:05:01] [RECV] evnt 1 0 4830 4880

[13:05:01] [RECV] in 2 319 128179 10 21 2 100 100 0 0 3 148962 1 0 1102 Kliff 1 0 0 0 0 0 0 0 0 0

[13:05:01] [RECV] in 2 838 128192 10 23 2 100 100 0 0 3 148962 1 0 -1 Ratufu^de^la^Navy 2 -1 0 0 0 0 0 0 0 0

[13:05:02] [RECV] gp 23 12 20067 0 1 0

[13:05:02] [RECV] gp 12 23 20065 0 2 0

[13:05:02] [RECV] in 2 838 128192 10 23 2 100 100 0 0 3 148962 1 0 -1 Ratufu^de^la^Navy 2 -1 0 0 0 0 0 0 0 0

[13:05:02] [RECV] in 2 319 128179 10 21 2 100 100 0 0 3 148962 1 0 1102 Kliff 1 0 0 0 0 0 0 0 0 0

[13:05:03] [SEND] walk 13 19 0 14
[13:05:03] [SEND] walk 15 17 0 14
[13:05:04] [SEND] walk 17 15 0 14
[13:05:04] [SEND] walk 21 13 1 14
[13:05:05] [SEND] walk 22 12 1 14
[13:05:06] [SEND] preq
[13:05:06] [RECV] rsfn 2 7 0

[13:05:06] [RECV] at 148962 5203 1 12 2 0 50 2 -1

[13:05:06] [RECV] npc_req 1 148962 6115

[13:05:06] [RECV] evnt 1 0 4790 4880

[13:05:06] [RECV] in 2 319 128179 1 10 2 100 100 0 0 3 148962 1 0 1102 Kliff 1 0 0 0 0 0 0 0 0 0

[13:05:06] [RECV] in 2 838 128192 3 10 2 100 100 0 0 3 148962 1 0 -1 Ratufu^de^la^Navy 2 -1 0 0 0 0 0 0 0 0

[13:05:06] [RECV] gp 23 12 20068 1 1 0

[13:05:06] [RECV] gp 1 12 20066 1 3 0

[13:05:06] [RECV] in 2 311 129590 12 16 5 100 100 0 0 0 -1 1 0 -1 - 2 -1 0 0 0 0 0 0 0 0

[13:05:06] [RECV] in 2 311 129589 11 13 1 100 100 0 0 0 -1 1 0 -1 - 2 -1 0 0 0 0 0 0 0 0

[13:05:07] [RECV] in 2 311 129588 10 23 4 100 100 0 0 0 -1 1 0 -1 - 2 -1 0 0 0 0 0 0 0 0

[13:05:07] [RECV] in 2 311 129587 10 6 7 100 100 0 0 0 -1 1 0 -1 - 2 -1 0 0 0 0 0 0 0 0

[13:05:07] [RECV] in 2 311 129586 9 21 5 100 100 0 0 0 -1 1 0 -1 - 2 -1 0 0 0 0 0 0 0 0

[13:05:07] [RECV] in 2 311 129585 9 18 5 100 100 0 0 0 -1 1 0 -1 - 2 -1 0 0 0 0 0 0 0 0

[13:05:07] [RECV] in 2 311 129584 9 15 4 100 100 0 0 0 -1 1 0 -1 - 2 -1 0 0 0 0 0 0 0 0

[13:05:07] [RECV] in 2 311 129583 9 11 5 100 100 0 0 0 -1 1 0 -1 - 2 -1 0 0 0 0 0 0 0 0

[13:05:07] [RECV] in 2 311 129582 9 8 5 100 100 0 0 0 -1 1 0 -1 - 2 -1 0 0 0 0 0 0 0 0

[13:05:07] [RECV] in 2 838 128192 3 10 2 100 100 0 0 3 148962 1 0 -1 Ratufu^de^la^Navy 2 -1 0 0 0 0 0 0 0 0

[13:05:07] [RECV] in 2 319 128179 1 10 2 100 100 0 0 3 148962 1 0 1102 Kliff 1 0 0 0 0 0 0 0 0 0

[13:05:07] [RECV] in 9 1001 591830 13 20 1 0 0 0

[13:05:09] [RECV] evnt 1 0 4790 4880

[13:05:09] [RECV] gp 23 12 20068 1 1 0

[13:05:09] [RECV] gp 1 12 20066 1 3 0

[13:05:09] [RECV] in 3 114 129603 22 13 6 100 100 0 0 0 -1 1 0 -1 - 2 -1 0 0 0 0 0 0 0 0

[13:05:09] [RECV] in 3 114 129602 22 12 7 100 100 0 0 0 -1 1 0 -1 - 2 -1 0 0 0 0 0 0 0 0

[13:05:09] [RECV] in 3 114 129601 22 10 6 100 100 0 0 0 -1 1 0 -1 - 2 -1 0 0 0 0 0 0 0 0

[13:05:09] [RECV] in 3 114 129600 20 13 3 100 100 0 0 0 -1 1 0 -1 - 2 -1 0 0 0 0 0 0 0 0

[13:05:09] [RECV] in 3 117 129599 19 12 5 100 100 0 0 0 -1 1 0 -1 - 2 -1 0 0 0 0 0 0 0 0

[13:05:09] [RECV] in 3 117 129598 14 23 4 100 100 0 0 0 -1 1 0 -1 - 2 -1 0 0 0 0 0 0 0 0

[13:05:10] [RECV] in 3 120 129597 14 21 3 100 100 0 0 0 -1 1 0 -1 - 2 -1 0 0 0 0 0 0 0 0

[13:05:10] [RECV] in 3 120 129596 14 19 5 100 100 0 0 0 -1 1 0 -1 - 2 -1 0 0 0 0 0 0 0 0

[13:05:10] [RECV] in 3 120 129595 14 15 7 100 100 0 0 0 -1 1 0 -1 - 2 -1 0 0 0 0 0 0 0 0

[13:05:10] [RECV] in 3 120 129594 14 12 3 100 100 0 0 0 -1 1 0 -1 - 2 -1 0 0 0 0 0 0 0 0

[13:05:10] [RECV] in 3 120 129593 14 8 3 100 100 0 0 0 -1 1 0 -1 - 2 -1 0 0 0 0 0 0 0 0

[13:05:10] [RECV] in 3 117 129592 14 8 1 100 100 0 0 0 -1 1 0 -1 - 2 -1 0 0 0 0 0 0 0 0

[13:05:10] [RECV] in 3 117 129591 14 6 6 100 100 0 0 0 -1 1 0 -1 - 2 -1 0 0 0 0 0 0 0 0

[13:05:10] [RECV] in 2 311 129590 12 16 5 100 100 0 0 0 -1 1 0 -1 - 2 -1 0 0 0 0 0 0 0 0

[13:05:10] [RECV] in 2 311 129589 11 13 1 100 100 0 0 0 -1 1 0 -1 - 2 -1 0 0 0 0 0 0 0 0

[13:05:10] [RECV] in 2 311 129588 10 23 4 100 100 0 0 0 -1 1 0 -1 - 2 -1 0 0 0 0 0 0 0 0

[13:05:10] [RECV] in 2 311 129587 10 6 7 100 100 0 0 0 -1 1 0 -1 - 2 -1 0 0 0 0 0 0 0 0

[13:05:10] [RECV] in 2 311 129586 9 21 5 100 100 0 0 0 -1 1 0 -1 - 2 -1 0 0 0 0 0 0 0 0

[13:05:10] [RECV] in 2 311 129585 9 18 5 100 100 0 0 0 -1 1 0 -1 - 2 -1 0 0 0 0 0 0 0 0

[13:05:10] [RECV] in 2 311 129584 9 15 4 100 100 0 0 0 -1 1 0 -1 - 2 -1 0 0 0 0 0 0 0 0

[13:05:10] [RECV] in 2 311 129583 9 11 5 100 100 0 0 0 -1 1 0 -1 - 2 -1 0 0 0 0 0 0 0 0

[13:05:10] [RECV] in 2 311 129582 9 8 5 100 100 0 0 0 -1 1 0 -1 - 2 -1 0 0 0 0 0 0 0 0

[13:05:10] [RECV] in 2 838 128192 3 10 2 100 100 0 0 3 148962 1 0 -1 Ratufu^de^la^Navy 2 -1 0 0 0 0 0 0 0 0

[13:05:10] [RECV] in 2 319 128179 1 10 2 100 100 0 0 3 148962 1 0 1102 Kliff 1 0 0 0 0 0 0 0 0 0

[13:05:11] [RECV] in 9 1001 591830 13 20 1 0 0 0

[13:05:11] [RECV] eff 3 129600 826

[13:05:11] [RECV] rsfm 22 2 0 0

[13:05:11] [RECV] evnt 1 0 4780 4880

[13:05:11] [RECV] minfo 0 1 -1.0/0 -1.0/0 1/1 -1.0/0 1 3 0

[13:05:11] [RECV] msg 0 Nouvel objectif de mission !

[13:05:11] [RECV] su 3 129598 2 129588 0 10 11 1004 0 0 1 98 51 0 0

[13:05:11] [RECV] su 3 129592 2 129587 0 10 11 1004 0 0 1 100 0 4 0

[13:05:11] [RECV] su 3 129591 2 129582 0 10 11 1004 0 0 1 100 0 4 0

[13:05:11] [RECV] su 3 129596 2 129589 0 12 11 200 0 0 1 100 0 1 0

[13:05:11] [RECV] su 3 129593 2 129582 0 12 11 200 0 0 1 97 95 0 0

[13:05:11] [RECV] su 2 129589 3 129596 0 12 11 200 0 0 1 95 98 0 0

[13:05:12] [SEND] walk 5 12 0 14
[13:05:12] [RECV] su 3 129599 2 129589 0 10 11 1004 0 0 1 98 55 0 0

[13:05:12] [RECV] su 3 129595 2 129590 0 12 11 200 0 0 1 96 175 0 0

[13:05:12] [RECV] eff 2 129583 6003

[13:05:12] [RECV] su 3 129594 2 129583 0 12 11 200 0 0 1 97 111 0 0

[13:05:12] [RECV] su 2 129590 3 129595 0 12 11 200 0 0 1 94 119 0 0

[13:05:13] [RECV] su 1 148962 3 129594 855 8 11 4001 0 0 0 0 7890 0 0

[13:05:13] [RECV] su 3 129592 2 129587 0 10 11 1004 0 0 1 99 46 0 0

[13:05:13] [RECV] su 3 129597 3 129597 403 50 12 1013 0 0 1 100 0 -2 0

[13:05:13] [RECV] su 3 129597 2 129590 403 50 12 1013 0 0 1 92 241 5 0

[13:05:14] [RECV] su 2 129582 3 129593 0 12 11 200 0 0 1 93 132 0 0

[13:05:14] [RECV] su 3 129600 2 129590 0 12 11 200 0 0 1 89 137 0 0

[13:05:14] [RECV] eff 3 129600 826

[13:05:14] [RECV] su 3 129598 2 129588 0 10 11 1004 0 0 1 99 32 0 0

[13:05:14] [RECV] su 2 129587 3 129592 0 12 11 200 0 0 1 90 140 0 0

[13:05:14] [RECV] su 3 129596 2 129589 0 12 11 200 0 0 1 97 103 0 0

[13:05:14] [RECV] su 3 129599 2 129589 0 10 11 1004 0 0 1 96 76 0 0

[13:05:14] [RECV] su 3 129593 2 129582 0 12 11 200 0 0 1 98 0 1 0

[13:05:15] [RECV] su 1 148962 3 129595 863 500 13 4017 0 0 0 0 11331 0 0

[13:05:15] [RECV] su 1 148962 3 129600 863 500 13 4017 0 0 0 0 11313 5 0

[13:05:15] [RECV] su 1 148962 3 129597 863 500 13 4017 0 0 0 0 11029 5 0

[13:05:15] [RECV] eff 1 148962 15

[13:05:15] [RECV] su 1 148962 3 129596 863 500 13 4017 0 0 0 0 18499 5 0

[13:05:15] [RECV] su 2 129588 3 129598 0 12 11 200 0 0 1 91 117 0 0

[13:05:15] [RECV] su 3 129591 2 129582 0 10 11 1004 0 0 1 99 0 4 0

[13:05:15] [SEND] walk 10 11 0 14
[13:05:15] [SEND] walk 7 12 1 14
[13:05:15] [RECV] eff 3 129601 826

[13:05:15] [RECV] su 3 129592 2 129587 0 10 11 1004 0 0 1 98 63 0 0

[13:05:16] [RECV] eff 1 148962 15

[13:05:16] [RECV] su 1 148962 3 129593 855 8 11 4001 0 0 0 0 13957 0 0

[13:05:16] [SEND] walk 12 11 0 14
[13:05:16] [RECV] su 3 129599 2 129589 0 10 11 1004 0 0 1 96 69 0 0

[13:05:17] [RECV] su 3 129598 2 129588 0 10 11 1004 0 0 1 100 0 4 0

[13:05:17] [SEND] walk 8 12 0 14
[13:05:17] [RECV] su 2 129587 3 129592 0 12 11 200 0 0 1 82 112 0 0

[13:05:17] [RECV] eff 1 148962 15

[13:05:17] [RECV] su 1 148962 3 129592 855 8 11 4001 0 0 0 0 13968 0 0

[13:05:17] [RECV] su 3 129602 2 129590 0 12 11 200 0 0 1 88 128 0 0

[13:05:17] [RECV] su 3 129591 2 129582 0 10 11 1004 0 0 1 100 0 4 0

[13:05:17] [SEND] walk 12 15 0 14
[13:05:17] [RECV] su 2 129588 3 129598 0 12 11 200 0 0 1 83 115 0 0

[13:05:18] [RECV] su 2 129582 3 129591 0 12 11 200 0 0 1 92 108 0 0

[13:05:18] [SEND] walk 9 12 0 14
[13:05:18] [RECV] su 2 129590 3 129602 0 12 11 200 0 0 1 81 256 3 0

[13:05:18] [RECV] su 2 129589 3 129599 0 12 11 200 0 0 1 91 123 0 0

[13:05:18] [RECV] su 1 148962 3 129599 855 8 11 4001 0 0 0 0 8330 0 0

[13:05:18] [RECV] eff 3 129601 826

[13:05:19] [SEND] walk 13 14 0 14
[13:05:19] [SEND] walk 10 12 1 14
[13:05:19] [RECV] su 3 129598 2 129588 0 10 11 1004 0 0 1 99 35 0 0

[13:05:19] [RECV] su 3 129601 2 129589 0 12 11 200 0 0 1 95 94 0 0

[13:05:19] [RECV] eff 1 148962 15

[13:05:19] [RECV] su 1 148962 3 129602 855 8 11 4001 0 0 0 0 14308 0 0

[13:05:20] [RECV] su 3 129591 2 129582 0 10 11 1004 0 0 1 98 51 0 0

[13:05:20] [SEND] walk 11 17 1 14
[13:05:20] [SEND] walk 12 15 0 14
[13:05:21] [RECV] su 2 129588 3 129598 0 12 11 200 0 0 1 73 150 0 0

[13:05:21] [RECV] su 1 148962 3 129601 855 8 11 4001 0 0 0 0 8296 0 0

[13:05:21] [RECV] su 2 129582 3 129591 0 12 11 200 0 0 1 92 0 1 0

[13:05:22] [RECV] eff 3 129603 826

[13:05:22] [RECV] su 3 129598 2 129588 0 10 11 1004 0 0 1 98 51 0 0

[13:05:23] [RECV] su 1 148962 3 129598 855 8 11 4001 0 0 0 0 8198 0 0

[13:05:24] [RECV] su 3 129591 2 129582 0 10 11 1004 0 0 1 99 34 0 0

[13:05:24] [RECV] eff 3 129603 826

[13:05:24] [SEND] walk 16 14 0 14
[13:05:24] [SEND] walk 14 15 0 14
[13:05:25] [RECV] su 1 148962 3 129603 855 8 11 4001 0 0 0 0 8309 0 0

[13:05:26] [RECV] eff 3 129591 826

[13:05:27] [RECV] su 3 129591 2 129582 0 10 11 1004 0 0 1 98 64 0 0

[13:05:28] [RECV] su 2 129582 3 129591 0 12 11 200 0 0 1 82 142 0 0

[13:05:28] [SEND] walk 14 19 0 14
[13:05:28] [RECV] eff 3 129591 826

[13:05:29] [RECV] su 3 129591 2 129582 0 10 11 1004 0 0 1 98 55 0 0

[13:05:31] [RECV] eff_g  194 9999 13 20 0

[13:05:31] [RECV] msg 0 Le coffre est vide.

[13:05:31] [RECV] su 2 129582 3 129591 0 12 11 200 0 0 1 82 0 1 0

[13:05:31] [RECV] su 1 148962 3 129591 855 8 11 4001 0 0 0 0 8335 0 0

[13:05:32] [SEND] walk 15 15 0 14
[13:05:33] [SEND] walk 18 14 0 14
[13:05:33] [RECV] rsfn 3 7 0

[13:05:33] [SEND] walk 21 12 0 14
[13:05:34] [RECV] gp 23 12 20068 1 1 0

[13:05:34] [RECV] gp 1 12 20066 2 3 0

[13:05:34] [RECV] in 2 311 129590 16 17 5 96 100 0 0 0 -1 1 0 -1 - 2 -1 0 0 0 0 0 0 0 0

[13:05:34] [RECV] in 2 311 129589 14 11 1 100 100 0 0 0 -1 1 0 -1 - 2 -1 0 0 0 0 0 0 0 0

[13:05:34] [RECV] in 2 311 129588 11 21 4 100 100 0 0 0 -1 1 0 -1 - 2 -1 0 0 0 0 0 0 0 0

[13:05:34] [RECV] in 2 311 129587 13 17 7 100 100 0 0 0 -1 1 0 -1 - 2 -1 0 0 0 0 0 0 0 0

[13:05:35] [RECV] in 2 311 129586 13 20 5 100 100 0 0 0 -1 1 0 -1 - 2 -1 0 0 0 0 0 0 0 0

[13:05:35] [RECV] in 2 311 129585 14 19 5 100 100 0 0 0 -1 1 0 -1 - 2 -1 0 0 0 0 0 0 0 0

[13:05:35] [RECV] in 2 311 129584 3 13 4 100 100 0 0 0 -1 1 0 -1 - 2 -1 0 0 0 0 0 0 0 0

[13:05:35] [RECV] in 2 311 129583 13 4 5 100 100 0 0 0 -1 1 0 -1 - 2 -1 0 0 0 0 0 0 0 0

[13:05:35] [RECV] in 2 311 129582 9 9 5 100 100 0 0 0 -1 1 0 -1 - 2 -1 0 0 0 0 0 0 0 0

[13:05:35] [RECV] in 2 838 128192 3 10 2 100 100 0 0 3 148962 1 0 -1 Ratufu^de^la^Navy 2 -1 0 0 0 0 0 0 0 0

[13:05:35] [RECV] in 2 319 128179 1 10 2 100 100 0 0 3 148962 1 0 1102 Kliff 1 0 0 0 0 0 0 0 0 0

[13:05:35] [RECV] msg 0 Une porte s'est ouverte.

[13:05:35] [RECV] evnt 1 0 4530 4880

[13:05:35] [RECV] gp 23 12 20068 2 1 0

[13:05:35] [RECV] gp 1 12 20066 2 3 0

[13:05:35] [RECV] in 2 311 129590 16 17 5 96 100 0 0 0 -1 1 0 -1 - 2 -1 0 0 0 0 0 0 0 0

[13:05:35] [RECV] in 2 311 129589 14 11 1 100 100 0 0 0 -1 1 0 -1 - 2 -1 0 0 0 0 0 0 0 0

[13:05:35] [RECV] in 2 311 129588 11 21 4 100 100 0 0 0 -1 1 0 -1 - 2 -1 0 0 0 0 0 0 0 0

[13:05:35] [RECV] in 2 311 129587 13 17 7 100 100 0 0 0 -1 1 0 -1 - 2 -1 0 0 0 0 0 0 0 0

[13:05:35] [RECV] in 2 311 129586 13 20 5 100 100 0 0 0 -1 1 0 -1 - 2 -1 0 0 0 0 0 0 0 0

[13:05:36] [RECV] in 2 311 129585 14 19 5 100 100 0 0 0 -1 1 0 -1 - 2 -1 0 0 0 0 0 0 0 0

[13:05:36] [RECV] in 2 311 129584 3 13 4 100 100 0 0 0 -1 1 0 -1 - 2 -1 0 0 0 0 0 0 0 0

[13:05:36] [RECV] in 2 311 129583 13 4 5 100 100 0 0 0 -1 1 0 -1 - 2 -1 0 0 0 0 0 0 0 0

[13:05:36] [RECV] in 2 311 129582 9 9 5 100 100 0 0 0 -1 1 0 -1 - 2 -1 0 0 0 0 0 0 0 0

[13:05:36] [RECV] in 2 838 128192 3 10 2 100 100 0 0 3 148962 1 0 -1 Ratufu^de^la^Navy 2 -1 0 0 0 0 0 0 0 0

[13:05:36] [RECV] in 2 319 128179 1 10 2 100 100 0 0 3 148962 1 0 1102 Kliff 1 0 0 0 0 0 0 0 0 0

[13:05:36] [RECV] msg 0 Une porte s'est ouverte.

[13:05:36] [RECV] evnt 1 0 4530 4880

[13:05:36] [RECV] evnt 1 0 6030 6030

[13:05:36] [RECV] msg 1 Tu as réussi la mission éclair.

[13:05:36] [RECV] evnt 3 1 -1 -1

[13:05:36] [RECV] evnt 3 1 -1 -1

[13:05:37] [SEND] walk 22 12 1 14
[13:05:37] [SEND] preq
[13:05:38] [RECV] rsfn 3 7 0

[13:05:38] [RECV] at 148962 5203 1 12 2 0 50 2 -1

[13:05:38] [RECV] evnt 1 0 6000 6030

[13:05:38] [RECV] in 2 319 128179 2 12 2 100 100 0 0 3 148962 1 0 1102 Kliff 1 0 0 0 0 0 0 0 0 0

[13:05:38] [RECV] in 2 838 128192 3 10 2 100 100 0 0 3 148962 1 0 -1 Ratufu^de^la^Navy 2 -1 0 0 0 0 0 0 0 0

[13:05:38] [RECV] gp 23 12 20083 0 1 0

[13:05:38] [RECV] gp 1 12 20067 0 3 0

[13:05:38] [RECV] in 2 838 128192 3 10 2 100 100 0 0 3 148962 1 0 -1 Ratufu^de^la^Navy 2 -1 0 0 0 0 0 0 0 0

[13:05:39] [RECV] in 2 319 128179 2 12 2 100 100 0 0 3 148962 1 0 1102 Kliff 1 0 0 0 0 0 0 0 0 0

[13:05:39] [SEND] walk 6 12 0 14
[13:05:40] [SEND] walk 11 12 0 14
[13:05:40] [SEND] walk 13 12 1 14
[13:05:41] [SEND] walk 17 12 0 14
[13:05:42] [SEND] walk 21 12 0 14
[13:05:43] [SEND] walk 22 12 1 14
[13:05:43] [SEND] preq
[13:05:43] [RECV] rsfn 4 7 0

[13:05:43] [RECV] at 148962 5203 1 12 2 0 50 2 -1

[13:05:43] [RECV] eff 3 129617 826

[13:05:43] [RECV] rsfm 22 2 0 0

[13:05:43] [RECV] evnt 1 0 5950 6030

[13:05:43] [RECV] in 2 319 128179 1 11 2 100 100 0 0 3 148962 1 0 1102 Kliff 1 0 0 0 0 0 0 0 0 0

[13:05:43] [RECV] in 2 838 128192 1 11 2 100 100 0 0 3 148962 1 0 -1 Ratufu^de^la^Navy 2 -1 0 0 0 0 0 0 0 0

[13:05:44] [RECV] gp 12 1 20085 1 0 0

[13:05:44] [RECV] gp 1 12 20068 1 3 0

[13:05:44] [RECV] in 3 120 129619 22 13 7 100 100 0 0 0 -1 1 0 -1 - 2 -1 0 0 0 0 0 0 0 0

[13:05:44] [RECV] in 3 120 129618 21 12 3 100 100 0 0 0 -1 1 0 -1 - 2 -1 0 0 0 0 0 0 0 0

[13:05:44] [RECV] in 3 120 129617 11 13 2 100 100 0 0 0 -1 1 0 -1 - 2 -1 0 0 0 0 0 0 0 0

[13:05:44] [RECV] in 3 120 129616 12 21 4 100 100 0 0 0 -1 1 0 -1 - 2 -1 0 0 0 0 0 0 0 0

[13:05:44] [RECV] in 3 120 129615 9 14 6 100 100 0 0 0 -1 1 0 -1 - 2 -1 0 0 0 0 0 0 0 0

[13:05:44] [RECV] in 2 311 129614 23 14 0 100 100 0 0 0 -1 1 0 -1 - 2 -1 0 0 0 0 0 0 0 0

[13:05:44] [RECV] in 2 311 129613 20 13 5 100 100 0 0 0 -1 1 0 -1 - 2 -1 0 0 0 0 0 0 0 0

[13:05:44] [RECV] in 2 311 129612 15 18 0 100 100 0 0 0 -1 1 0 -1 - 2 -1 0 0 0 0 0 0 0 0

[13:05:44] [RECV] in 2 311 129611 14 23 1 100 100 0 0 0 -1 1 0 -1 - 2 -1 0 0 0 0 0 0 0 0

[13:05:44] [RECV] in 2 311 129610 14 21 4 100 100 0 0 0 -1 1 0 -1 - 2 -1 0 0 0 0 0 0 0 0

[13:05:44] [RECV] in 2 311 129609 13 7 2 100 100 0 0 0 -1 1 0 -1 - 2 -1 0 0 0 0 0 0 0 0

[13:05:44] [RECV] in 2 311 129608 10 19 7 100 100 0 0 0 -1 1 0 -1 - 2 -1 0 0 0 0 0 0 0 0

[13:05:44] [RECV] in 2 311 129607 9 15 2 100 100 0 0 0 -1 1 0 -1 - 2 -1 0 0 0 0 0 0 0 0

[13:05:45] [RECV] in 2 311 129606 9 11 2 100 100 0 0 0 -1 1 0 -1 - 2 -1 0 0 0 0 0 0 0 0

[13:05:45] [RECV] in 2 311 129605 9 7 3 100 100 0 0 0 -1 1 0 -1 - 2 -1 0 0 0 0 0 0 0 0

[13:05:45] [RECV] in 2 311 129604 9 6 1 100 100 0 0 0 -1 1 0 -1 - 2 -1 0 0 0 0 0 0 0 0

[13:05:45] [RECV] in 2 838 128192 1 11 2 100 100 0 0 3 148962 1 0 -1 Ratufu^de^la^Navy 2 -1 0 0 0 0 0 0 0 0

[13:05:45] [RECV] in 2 319 128179 1 11 2 100 100 0 0 3 148962 1 0 1102 Kliff 1 0 0 0 0 0 0 0 0 0

[13:05:45] [RECV] su 3 129619 2 129614 0 12 11 200 0 0 1 96 178 0 0

[13:05:45] [RECV] su 2 129614 3 129619 0 12 11 200 0 0 1 95 87 0 0

[13:05:45] [RECV] su 3 129616 2 129612 0 12 11 200 0 0 1 96 180 0 0

[13:05:45] [RECV] su 3 129615 3 129615 0 12 11 200 0 0 1 100 0 2 0

[13:05:45] [RECV] su 2 129612 3 129616 0 12 11 200 0 0 1 96 77 0 0

[13:05:46] [RECV] su 3 129617 2 129607 0 12 11 200 0 0 1 96 142 0 0

[13:05:46] [SEND] walk 4 13 0 14
[13:05:46] [SEND] walk 7 13 0 14
[13:05:47] [RECV] su 3 129618 3 129618 403 50 12 1013 0 0 1 100 0 -2 0

[13:05:47] [RECV] su 3 129618 2 129613 403 50 12 1013 0 0 1 93 293 5 0

[13:05:47] [RECV] su 3 129619 2 129614 0 12 11 200 0 0 1 92 204 0 0

[13:05:47] [RECV] su 2 129607 3 129617 0 12 11 200 0 0 1 95 85 0 0

[13:05:48] [RECV] eff 1 148962 15

[13:05:48] [RECV] su 1 148962 3 129615 855 8 11 4001 0 0 0 0 14148 0 0

[13:05:48] [RECV] eff 3 129617 826

[13:05:48] [RECV] su 3 129616 2 129612 0 12 11 200 0 0 1 94 107 0 0

[13:05:48] [RECV] su 2 129614 3 129619 0 12 11 200 0 0 1 90 93 0 0

[13:05:48] [RECV] su 2 129613 3 129618 0 12 11 200 0 0 1 100 0 1 0

[13:05:48] [RECV] su 2 129612 3 129616 0 12 11 200 0 0 1 92 77 0 0

[13:05:48] [SEND] walk 12 14 0 14
[13:05:48] [SEND] walk 9 13 1 14
[13:05:49] [RECV] su 3 129617 2 129607 0 12 11 200 0 0 1 98 0 1 0

[13:05:49] [RECV] eff 1 148962 15

[13:05:49] [RECV] su 1 148962 3 129617 855 8 11 4001 0 0 0 0 14053 0 0

[13:05:49] [RECV] su 3 129618 2 129613 0 12 11 200 0 0 1 93 107 0 0

[13:05:49] [RECV] su 2 129607 2 129607 0 12 11 200 0 0 1 98 0 2 0

[13:05:50] [RECV] eff 3 129619 826

[13:05:50] [SEND] walk 12 14 0 14
[13:05:50] [SEND] walk 11 13 0 14
[13:05:51] [RECV] eff 1 148962 15

[13:05:51] [RECV] su 1 148962 3 129616 855 8 11 4001 0 0 0 0 13832 0 0

[13:05:51] [SEND] walk 16 12 1 14
[13:05:51] [RECV] su 2 129613 3 129618 0 12 11 200 0 0 1 93 121 0 0

[13:05:51] [SEND] walk 12 13 1 14
[13:05:52] [RECV] su 3 129619 3 129619 403 50 12 1013 0 0 1 90 0 -2 0

[13:05:52] [RECV] su 3 129619 2 129614 403 50 12 1013 0 0 1 89 297 5 0

[13:05:52] [RECV] su 3 129619 2 129613 403 50 12 1013 0 0 1 90 197 5 0

[13:05:52] [RECV] eff 1 148962 15

[13:05:52] [RECV] su 1 148962 3 129618 855 8 11 4001 0 0 0 0 13622 0 0

[13:05:52] [RECV] eff 1 148962 15

[13:05:52] [RECV] su 1 148962 3 129619 855 8 11 4001 0 0 0 0 14187 5 0

[13:05:52] [RECV] rsfn 5 7 0

[13:05:53] [RECV] gp 12 1 20085 2 0 0

[13:05:53] [RECV] gp 1 12 20068 1 3 0

[13:05:53] [RECV] in 2 311 129614 21 13 0 90 100 0 0 0 -1 1 0 -1 - 2 -1 0 0 0 0 0 0 0 0

[13:05:53] [RECV] in 2 311 129613 19 11 5 91 100 0 0 0 -1 1 0 -1 - 2 -1 0 0 0 0 0 0 0 0

[13:05:53] [RECV] in 2 311 129612 15 18 0 97 100 0 0 0 -1 1 0 -1 - 2 -1 0 0 0 0 0 0 0 0

[13:05:53] [RECV] in 2 311 129611 15 19 1 100 100 0 0 0 -1 1 0 -1 - 2 -1 0 0 0 0 0 0 0 0

[13:05:53] [RECV] in 2 311 129610 15 19 4 100 100 0 0 0 -1 1 0 -1 - 2 -1 0 0 0 0 0 0 0 0

[13:05:54] [RECV] in 2 311 129609 8 12 2 100 100 0 0 0 -1 1 0 -1 - 2 -1 0 0 0 0 0 0 0 0

[13:05:54] [RECV] in 2 311 129608 12 22 7 100 100 0 0 0 -1 1 0 -1 - 2 -1 0 0 0 0 0 0 0 0

[13:05:54] [RECV] in 2 311 129607 9 15 2 100 100 0 0 0 -1 1 0 -1 - 2 -1 0 0 0 0 0 0 0 0

[13:05:54] [RECV] in 2 311 129606 10 15 2 100 100 0 0 0 -1 1 0 -1 - 2 -1 0 0 0 0 0 0 0 0

[13:05:54] [RECV] in 2 311 129605 9 5 3 100 100 0 0 0 -1 1 0 -1 - 2 -1 0 0 0 0 0 0 0 0

[13:05:54] [RECV] in 2 311 129604 14 3 1 100 100 0 0 0 -1 1 0 -1 - 2 -1 0 0 0 0 0 0 0 0

[13:05:54] [RECV] in 2 838 128192 1 11 2 100 100 0 0 3 148962 1 0 -1 Ratufu^de^la^Navy 2 -1 0 0 0 0 0 0 0 0

[13:05:54] [RECV] in 2 319 128179 1 11 2 100 100 0 0 3 148962 1 0 1102 Kliff 1 0 0 0 0 0 0 0 0 0

[13:05:54] [RECV] msg 0 Une porte s'est ouverte.

[13:05:54] [RECV] evnt 1 0 5840 6030

[13:05:54] [RECV] npc_req 1 148962 6116

[13:05:54] [RECV] evnt 3 1 -1 -1

[13:05:54] [RECV] evnt 3 1 -1 -1

[13:05:55] [RECV] rsfn 5 7 0

[13:05:55] [RECV] rsfn 5 7 0

[13:05:56] [RECV] evnt 1 0 5840 6030

[13:05:57] [SEND] walk 12 8 0 14
[13:05:57] [RECV] gp 12 1 20085 2 0 0

[13:05:57] [RECV] gp 1 12 20068 1 3 0

[13:05:57] [RECV] in 2 311 129614 21 10 0 92 100 0 0 0 -1 1 0 -1 - 2 -1 0 0 0 0 0 0 0 0

[13:05:57] [RECV] in 2 311 129613 20 12 5 93 100 0 0 0 -1 1 0 -1 - 2 -1 0 0 0 0 0 0 0 0

[13:05:57] [RECV] in 2 311 129612 16 16 0 99 100 0 0 0 -1 1 0 -1 - 2 -1 0 0 0 0 0 0 0 0

[13:05:57] [RECV] in 2 311 129611 15 19 1 100 100 0 0 0 -1 1 0 -1 - 2 -1 0 0 0 0 0 0 0 0

[13:05:58] [RECV] in 2 311 129610 15 18 4 100 100 0 0 0 -1 1 0 -1 - 2 -1 0 0 0 0 0 0 0 0

[13:05:58] [RECV] in 2 311 129609 7 8 2 100 100 0 0 0 -1 1 0 -1 - 2 -1 0 0 0 0 0 0 0 0

[13:05:58] [RECV] in 2 311 129608 12 22 7 100 100 0 0 0 -1 1 0 -1 - 2 -1 0 0 0 0 0 0 0 0

[13:05:58] [RECV] in 2 311 129607 10 14 2 100 100 0 0 0 -1 1 0 -1 - 2 -1 0 0 0 0 0 0 0 0

[13:05:58] [RECV] in 2 311 129606 14 16 2 100 100 0 0 0 -1 1 0 -1 - 2 -1 0 0 0 0 0 0 0 0

[13:05:58] [RECV] in 2 311 129605 12 9 3 100 100 0 0 0 -1 1 0 -1 - 2 -1 0 0 0 0 0 0 0 0

[13:05:58] [RECV] in 2 311 129604 11 3 1 100 100 0 0 0 -1 1 0 -1 - 2 -1 0 0 0 0 0 0 0 0

[13:05:58] [RECV] in 2 838 128192 1 11 2 100 100 0 0 3 148962 1 0 -1 Ratufu^de^la^Navy 2 -1 0 0 0 0 0 0 0 0

[13:05:58] [RECV] in 2 319 128179 1 11 2 100 100 0 0 3 148962 1 0 1102 Kliff 1 0 0 0 0 0 0 0 0 0

[13:05:58] [RECV] evnt 1 0 5830 6030

[13:05:58] [RECV] minfo 0 1 -1.0/0 -1.0/0 1/1 -1.0/0 1 3 0

[13:05:58] [RECV] msg 0 Nouvel objectif de mission !

[13:05:58] [SEND] walk 12 3 0 14
[13:05:59] [SEND] walk 13 1 0 14
[13:05:59] [SEND] preq
[13:06:00] [RECV] rsfn 5 7 0

[13:06:00] [RECV] at 148962 5203 12 23 2 0 50 2 -1

[13:06:00] [RECV] npc_req 1 148962 6117

[13:06:00] [RECV] evnt 1 0 5810 6030

[13:06:00] [RECV] in 2 319 128179 11 23 2 100 100 0 0 3 148962 1 0 1102 Kliff 1 0 0 0 0 0 0 0 0 0

[13:06:00] [RECV] in 2 838 128192 10 21 2 100 100 0 0 3 148962 1 0 -1 Ratufu^de^la^Navy 2 -1 0 0 0 0 0 0 0 0

[13:06:00] [RECV] gp 23 12 20086 1 1 0

[13:06:00] [RECV] gp 12 23 20083 1 2 0

[13:06:00] [RECV] in 2 318 129620 10 15 0 100 100 0 0 0 -1 1 0 -1 - 2 -1 0 0 0 0 0 0 0 0

[13:06:00] [RECV] in 2 838 128192 10 21 2 100 100 0 0 3 148962 1 0 -1 Ratufu^de^la^Navy 2 -1 0 0 0 0 0 0 0 0

[13:06:00] [RECV] in 2 319 128179 11 23 2 100 100 0 0 3 148962 1 0 1102 Kliff 1 0 0 0 0 0 0 0 0 0

[13:06:02] [RECV] evnt 1 0 5810 6030

[13:06:02] [RECV] gp 23 12 20086 1 1 0

[13:06:02] [RECV] gp 12 23 20083 1 2 0

[13:06:02] [RECV] in 3 338 129626 14 19 7 100 100 0 0 0 -1 1 0 -1 - 2 -1 0 0 0 0 0 0 0 0

[13:06:02] [RECV] in 3 338 129625 14 18 5 100 100 0 0 0 -1 1 0 -1 - 2 -1 0 0 0 0 0 0 0 0

[13:06:03] [RECV] in 3 338 129624 14 10 3 100 100 0 0 0 -1 1 0 -1 - 2 -1 0 0 0 0 0 0 0 0

[13:06:03] [RECV] in 3 338 129623 13 16 2 100 100 0 0 0 -1 1 0 -1 - 2 -1 0 0 0 0 0 0 0 0

[13:06:03] [RECV] in 3 338 129622 13 14 5 100 100 0 0 0 -1 1 0 -1 - 2 -1 0 0 0 0 0 0 0 0

[13:06:03] [RECV] in 3 338 129621 13 12 5 100 100 0 0 0 -1 1 0 -1 - 2 -1 0 0 0 0 0 0 0 0

[13:06:03] [RECV] in 2 318 129620 10 15 0 100 100 0 0 0 -1 1 0 -1 - 2 -1 0 0 0 0 0 0 0 0

[13:06:03] [RECV] in 2 838 128192 10 21 2 100 100 0 0 3 148962 1 0 -1 Ratufu^de^la^Navy 2 -1 0 0 0 0 0 0 0 0

[13:06:03] [RECV] in 2 319 128179 11 23 2 100 100 0 0 3 148962 1 0 1102 Kliff 1 0 0 0 0 0 0 0 0 0

[13:06:03] [RECV] eff 3 129622 826

[13:06:03] [RECV] rsfm 22 2 0 0

[13:06:03] [RECV] evnt 1 0 5800 6030

[13:06:03] [RECV] minfo 0 1 -1.0/0 -1.0/0 1/1 -1.0/0 1 3 0

[13:06:03] [RECV] msg 0 Nouvel objectif de mission !

[13:06:04] [RECV] eff 3 129626 5000

[13:06:04] [RECV] su 3 129623 2 129620 0 12 11 200 0 0 1 92 190 0 0

[13:06:04] [RECV] su 3 129622 2 129620 0 12 11 200 0 0 1 87 145 0 0

[13:06:04] [RECV] su 2 129620 3 129623 0 6 11 1035 0 0 1 98 24 0 0

[13:06:05] [SEND] walk 12 18 0 14
[13:06:05] [SEND] walk 12 21 0 14
[13:06:05] [RECV] su 3 129621 2 129620 0 12 11 200 0 0 1 82 121 0 0

[13:06:06] [RECV] su 3 129625 2 129620 0 12 11 200 0 0 1 77 130 0 0

[13:06:06] [RECV] su 3 129626 1 148962 0 12 11 200 0 0 1 100 0 1 0

[13:06:06] [RECV] su 3 129624 2 129620 0 12 11 200 0 0 1 73 124 0 0

[13:06:06] [RECV] eff 3 129622 826

[13:06:06] [RECV] su 1 148962 3 129623 863 500 13 4017 0 0 0 0 15633 0 0

[13:06:07] [RECV] eff 1 148962 15

[13:06:07] [RECV] su 1 148962 3 129625 863 500 13 4017 0 0 0 0 26314 5 0

[13:06:07] [RECV] su 1 148962 3 129624 863 500 13 4017 0 0 0 0 15696 5 0

[13:06:07] [RECV] su 1 148962 3 129622 863 500 13 4017 0 0 0 0 15988 5 0

[13:06:07] [RECV] su 1 148962 3 129621 863 500 13 4017 0 0 0 0 15610 5 0

[13:06:07] [RECV] su 2 129620 2 129620 0 6 11 1035 0 0 1 73 0 2 0

[13:06:07] [RECV] eff 3 129626 826

[13:06:07] [RECV] eff 2 129620 825

[13:06:08] [RECV] su 1 148962 3 129626 855 8 11 4001 0 0 0 0 11541 0 0

[13:06:10] [RECV] rsfn 5 6 0

[13:06:10] [RECV] gp 23 12 20086 2 1 0

[13:06:10] [RECV] gp 12 23 20083 1 2 0

[13:06:10] [RECV] in 2 318 129620 11 14 0 75 100 0 0 0 -1 1 0 -1 - 2 -1 0 0 0 0 0 0 0 0

[13:06:10] [RECV] in 2 838 128192 10 21 2 100 100 0 0 3 148962 1 0 -1 Ratufu^de^la^Navy 2 -1 0 0 0 0 0 0 0 0

[13:06:10] [RECV] in 2 319 128179 11 23 2 100 100 0 0 3 148962 1 0 1102 Kliff 1 0 0 0 0 0 0 0 0 0

[13:06:10] [RECV] msg 0 Une porte s'est ouverte.

[13:06:11] [RECV] evnt 1 0 5720 6030

[13:06:11] [RECV] evnt 1 0 7220 7220

[13:06:11] [RECV] msg 1 Tu as réussi la mission éclair.

[13:06:11] [RECV] evnt 3 1 -1 -1

[13:06:11] [RECV] evnt 3 1 -1 -1

[13:06:12] [RECV] eff 2 129620 825

[13:06:12] [SEND] walk 12 16 1 14
[13:06:13] [SEND] walk 12 15 0 14
[13:06:13] [RECV] eff 2 129620 5004

[13:06:14] [SEND] walk 16 13 0 14
[13:06:15] [SEND] walk 17 12 0 14
[13:06:15] [SEND] walk 22 12 1 14
[13:06:16] [SEND] preq
[13:06:17] [RECV] rsfn 5 6 0

[13:06:17] [RECV] at 148962 5203 1 12 2 0 50 2 -1

[13:06:17] [RECV] eff 3 129627 826

[13:06:17] [RECV] rsfm 22 2 0 0

[13:06:17] [RECV] evnt 1 0 7160 7220

[13:06:17] [RECV] in 2 319 128179 1 12 2 100 100 0 0 3 148962 1 0 1102 Kliff 1 0 0 0 0 0 0 0 0 0

[13:06:17] [RECV] in 2 838 128192 3 10 2 100 100 0 0 3 148962 1 0 -1 Ratufu^de^la^Navy 2 -1 0 0 0 0 0 0 0 0

[13:06:17] [RECV] in 2 318 129620 1 11 0 78 100 0 0 3 148962 1 0 -1 - 2 -1 0 0 0 0 0 0 0 0

[13:06:17] [RECV] eff 2 129620 825

[13:06:17] [RECV] gp 23 12 20087 1 1 0

[13:06:17] [RECV] gp 1 12 20085 1 3 0

[13:06:17] [RECV] in 3 338 129631 12 22 5 100 100 0 0 0 -1 1 0 -1 - 2 -1 0 0 0 0 0 0 0 0

[13:06:18] [RECV] in 3 338 129630 12 20 4 100 100 0 0 0 -1 1 0 -1 - 2 -1 0 0 0 0 0 0 0 0

[13:06:18] [RECV] in 3 338 129629 13 15 0 100 100 0 0 0 -1 1 0 -1 - 2 -1 0 0 0 0 0 0 0 0

[13:06:18] [RECV] in 3 338 129628 12 12 7 100 100 0 0 0 -1 1 0 -1 - 2 -1 0 0 0 0 0 0 0 0

[13:06:18] [RECV] in 3 338 129627 10 10 6 100 100 0 0 0 -1 1 0 -1 - 2 -1 0 0 0 0 0 0 0 0

[13:06:18] [RECV] in 2 318 129620 1 11 0 78 100 0 0 3 148962 1 0 -1 - 2 -1 0 0 0 0 0 0 0 0

[13:06:18] [RECV] in 2 838 128192 3 10 2 100 100 0 0 3 148962 1 0 -1 Ratufu^de^la^Navy 2 -1 0 0 0 0 0 0 0 0

[13:06:18] [RECV] in 2 319 128179 1 12 2 100 100 0 0 3 148962 1 0 1102 Kliff 1 0 0 0 0 0 0 0 0 0

[13:06:21] [SEND] walk 6 12 0 14
[13:06:21] [RECV] eff 3 129627 826

[13:06:22] [SEND] walk 9 13 1 14
[13:06:22] [RECV] eff 3 129630 5000

[13:06:22] [RECV] eff 2 129620 825

[13:06:23] [RECV] eff 3 129629 5000

[13:06:23] [RECV] eff 3 129628 5000

[13:06:23] [RECV] eff 3 129627 5000

[13:06:23] [RECV] su 1 148962 3 129630 855 8 11 4001 0 0 0 0 11839 0 0

[13:06:25] [RECV] su 1 148962 3 129627 855 8 11 4001 0 0 0 0 11814 0 0

[13:06:25] [RECV] su 1 148962 3 129629 855 8 11 4001 0 0 0 0 11259 5 0

[13:06:25] [RECV] eff 1 148962 15

[13:06:25] [RECV] su 1 148962 3 129628 855 8 11 4001 0 0 0 0 20013 5 0

[13:06:25] [RECV] msg 0 [Équipe de JIIRAYAH]L'équipe de raid Tête de bonhomme de neige géante a mené à bien la mission.

[13:06:25] [RECV] eff 3 129631 826

[13:06:26] [RECV] eff 3 129631 826

[13:06:26] [RECV] su 1 148962 3 129631 855 8 11 4001 0 0 0 0 11203 0 0

[13:06:27] [RECV] eff 2 129620 825

[13:06:27] [SEND] walk 14 13 0 14
[13:06:28] [RECV] rsfn 6 6 0

[13:06:28] [RECV] gp 23 12 20087 2 1 0

[13:06:28] [RECV] gp 1 12 20085 1 3 0

[13:06:28] [RECV] in 2 318 129620 1 11 0 84 100 0 0 3 148962 1 0 -1 - 2 -1 0 0 0 0 0 0 0 0

[13:06:28] [RECV] in 2 838 128192 3 10 2 100 100 0 0 3 148962 1 0 -1 Ratufu^de^la^Navy 2 -1 0 0 0 0 0 0 0 0

[13:06:28] [RECV] in 2 319 128179 1 12 2 100 100 0 0 3 148962 1 0 1102 Kliff 1 0 0 0 0 0 0 0 0 0

[13:06:29] [RECV] msg 0 Une porte s'est ouverte.

[13:06:29] [RECV] evnt 1 0 7040 7220

[13:06:29] [RECV] msg 1 Tu as réussi la mission éclair.

[13:06:29] [RECV] evnt 3 1 -1 -1

[13:06:29] [RECV] evnt 3 1 -1 -1

[13:06:29] [SEND] walk 15 12 0 14
[13:06:30] [SEND] walk 20 12 0 14
[13:06:31] [SEND] walk 22 12 1 14
[13:06:31] [SEND] preq
[13:06:31] [RECV] rsfn 6 6 0

[13:06:31] [RECV] at 148962 5203 1 12 2 0 50 2 -1

[13:06:31] [RECV] eff 3 129632 826

[13:06:31] [RECV] rsfm 22 2 0 0

[13:06:32] [RECV] evnt 1 0 7010 7220

[13:06:32] [RECV] in 2 319 128179 1 10 2 100 100 0 0 3 148962 1 0 1102 Kliff 1 0 0 0 0 0 0 0 0 0

[13:06:32] [RECV] in 2 838 128192 3 11 2 100 100 0 0 3 148962 1 0 -1 Ratufu^de^la^Navy 2 -1 0 0 0 0 0 0 0 0

[13:06:32] [RECV] in 2 318 129620 3 10 0 85 100 0 0 3 148962 1 0 -1 - 2 -1 0 0 0 0 0 0 0 0

[13:06:32] [RECV] gp 12 23 20088 1 2 0

[13:06:32] [RECV] gp 1 12 20086 1 3 0

[13:06:32] [RECV] in 3 338 129635 11 17 5 100 100 0 0 0 -1 1 0 -1 - 2 -1 0 0 0 0 0 0 0 0

[13:06:32] [RECV] in 3 338 129634 13 9 7 100 100 0 0 0 -1 1 0 -1 - 2 -1 0 0 0 0 0 0 0 0

[13:06:32] [RECV] in 3 338 129633 12 19 4 100 100 0 0 0 -1 1 0 -1 - 2 -1 0 0 0 0 0 0 0 0

[13:06:32] [RECV] in 3 338 129632 12 12 0 100 100 0 0 0 -1 1 0 -1 - 2 -1 0 0 0 0 0 0 0 0

[13:06:32] [RECV] in 2 318 129620 7 11 0 85 100 0 0 3 148962 1 0 -1 - 2 -1 0 0 0 0 0 0 0 0

[13:06:32] [RECV] in 2 838 128192 3 11 2 100 100 0 0 3 148962 1 0 -1 Ratufu^de^la^Navy 2 -1 0 0 0 0 0 0 0 0

[13:06:33] [RECV] in 2 319 128179 1 10 2 100 100 0 0 3 148962 1 0 1102 Kliff 1 0 0 0 0 0 0 0 0 0

[13:06:33] [RECV] eff 2 129620 825

[13:06:34] [SEND] walk 6 12 0 14
[13:06:35] [RECV] su 3 129632 2 129620 0 12 11 200 0 0 1 81 153 0 0

[13:06:35] [RECV] eff 1 148962 15

[13:06:35] [RECV] su 1 148962 3 129632 855 8 11 4001 0 0 0 0 19923 0 0

[13:06:35] [RECV] su 3 129634 2 129620 0 12 11 200 0 0 1 76 154 0 0

[13:06:36] [RECV] eff 3 129635 826

[13:06:36] [RECV] eff 1 148962 15

[13:06:37] [RECV] su 1 148962 3 129634 855 8 11 4001 0 0 0 0 19606 0 0

[13:06:37] [RECV] eff 2 129620 825

[13:06:37] [SEND] walk 10 15 1 14
[13:06:37] [SEND] walk 8 13 0 14
[13:06:38] [RECV] eff 3 129635 5000

[13:06:38] [RECV] su 1 148962 3 129635 855 8 11 4001 0 0 0 0 11246 0 0

[13:06:38] [RECV] in 3 338 129982 12 13 0 100 100 0 0 0 -1 0 0 -1 - 2 -1 0 0 0 0 0 0 0 0

[13:06:38] [RECV] in 3 338 129983 12 21 0 100 100 0 0 0 -1 0 0 -1 - 2 -1 0 0 0 0 0 0 0 0

[13:06:38] [SEND] walk 11 17 1 14
[13:06:39] [RECV] eff 3 129983 5000

[13:06:39] [RECV] eff 3 129982 826

[13:06:39] [RECV] eff 3 129982 5000

[13:06:39] [RECV] eff 3 129633 5000

[13:06:39] [SEND] walk 8 14 1 14
[13:06:40] [RECV] su 1 148962 3 129633 855 8 11 4001 0 0 0 0 11359 0 0

[13:06:40] [RECV] in 3 338 129984 13 17 7 100 100 0 0 0 -1 0 0 -1 - 2 -1 0 0 0 0 0 0 0 0

[13:06:40] [RECV] su 1 148962 3 129983 855 8 11 4001 0 0 0 0 11377 5 0

[13:06:40] [SEND] walk 10 15 1 14
[13:06:40] [RECV] eff 3 129984 5000

[13:06:41] [RECV] su 1 148962 3 129982 855 8 11 4001 0 0 0 0 11185 0 0

[13:06:41] [SEND] walk 10 17 0 14
[13:06:42] [RECV] eff 3 129984 826

[13:06:42] [RECV] eff 2 129620 825

[13:06:42] [RECV] su 1 148962 3 129984 855 8 11 4001 0 0 0 0 11644 0 0

[13:06:42] [RECV] rsfn 7 6 0

[13:06:43] [RECV] gp 12 23 20088 2 2 0

[13:06:43] [RECV] gp 1 12 20086 1 3 0

[13:06:43] [RECV] in 2 318 129620 7 11 0 80 100 0 0 3 148962 1 0 -1 - 2 -1 0 0 0 0 0 0 0 0

[13:06:43] [RECV] in 2 838 128192 3 11 2 100 100 0 0 3 148962 1 0 -1 Ratufu^de^la^Navy 2 -1 0 0 0 0 0 0 0 0

[13:06:43] [RECV] in 2 319 128179 1 10 2 100 100 0 0 3 148962 1 0 1102 Kliff 1 0 0 0 0 0 0 0 0 0

[13:06:44] [RECV] msg 0 Une porte s'est ouverte.

[13:06:44] [RECV] evnt 1 0 6890 7220

[13:06:44] [RECV] evnt 1 0 7890 7890

[13:06:44] [RECV] msg 1 Tu as réussi la mission éclair.

[13:06:44] [RECV] evnt 3 1 -1 -1

[13:06:44] [RECV] evnt 3 1 -1 -1

[13:06:44] [SEND] walk 12 20 0 14
[13:06:44] [RECV] rsfn 7 6 0

[13:06:45] [SEND] walk 12 23 0 14
[13:06:46] [SEND] preq
[13:06:46] [RECV] rsfn 7 6 0

[13:06:46] [RECV] at 148962 5203 12 1 2 0 50 2 -1

[13:06:46] [RECV] eff 3 129639 826

[13:06:47] [RECV] rsfm 22 2 0 0

[13:06:47] [RECV] evnt 1 0 7870 7890

[13:06:47] [RECV] in 2 319 128179 11 3 2 100 100 0 0 3 148962 1 0 1102 Kliff 1 0 0 0 0 0 0 0 0 0

[13:06:47] [RECV] in 2 838 128192 10 2 2 100 100 0 0 3 148962 1 0 -1 Ratufu^de^la^Navy 2 -1 0 0 0 0 0 0 0 0

[13:06:47] [RECV] in 2 318 129620 11 3 0 82 100 0 0 3 148962 1 0 -1 - 2 -1 0 0 0 0 0 0 0 0

[13:06:47] [RECV] gp 12 1 20087 1 0 0

[13:06:47] [RECV] gp 12 23 20089 1 2 0

[13:06:47] [RECV] in 3 338 129639 12 21 5 100 100 0 0 0 -1 1 0 -1 - 2 -1 0 0 0 0 0 0 0 0

[13:06:47] [RECV] in 3 338 129638 11 18 4 100 100 0 0 0 -1 1 0 -1 - 2 -1 0 0 0 0 0 0 0 0

[13:06:47] [RECV] in 3 338 129637 10 21 7 100 100 0 0 0 -1 1 0 -1 - 2 -1 0 0 0 0 0 0 0 0

[13:06:47] [RECV] in 3 338 129636 7 16 2 100 100 0 0 0 -1 1 0 -1 - 2 -1 0 0 0 0 0 0 0 0

[13:06:48] [RECV] in 2 318 129620 11 3 0 82 100 0 0 3 148962 1 0 -1 - 2 -1 0 0 0 0 0 0 0 0

[13:06:48] [RECV] in 2 838 128192 10 2 2 100 100 0 0 3 148962 1 0 -1 Ratufu^de^la^Navy 2 -1 0 0 0 0 0 0 0 0

[13:06:48] [RECV] in 2 319 128179 11 3 2 100 100 0 0 3 148962 1 0 1102 Kliff 1 0 0 0 0 0 0 0 0 0

[13:06:48] [RECV] eff 2 129620 825

[13:06:49] [SEND] walk 12 6 0 14
[13:06:50] [SEND] walk 13 7 0 14
[13:06:50] [RECV] eff 3 129639 826

[13:06:51] [RECV] su 1 148962 3 129639 855 8 11 4001 0 0 0 0 11649 0 0

[13:06:52] [RECV] eff 3 129636 826

[13:06:52] [RECV] eff 2 129620 825

[13:06:52] [RECV] su 1 148962 3 129636 855 8 11 4001 0 0 0 0 11170 0 0

[13:06:52] [RECV] in 3 338 129993 15 18 5 100 100 0 0 0 -1 0 0 -1 - 2 -1 0 0 0 0 0 0 0 0

[13:06:53] [RECV] eff 3 129637 826

[13:06:54] [RECV] su 1 148962 3 129638 855 8 11 4001 0 0 0 0 11871 0 0

[13:06:54] [RECV] in 3 338 129994 19 11 7 100 100 0 0 0 -1 0 0 -1 - 2 -1 0 0 0 0 0 0 0 0

[13:06:55] [RECV] su 1 148962 3 129637 855 8 11 4001 0 0 0 0 11191 0 0

[13:06:55] [RECV] in 3 338 129995 20 13 7 100 100 0 0 0 -1 0 0 -1 - 2 -1 0 0 0 0 0 0 0 0

[13:06:55] [RECV] eff 3 129994 826

[13:06:56] [RECV] eff 1 148962 15

[13:06:56] [RECV] su 1 148962 3 129993 855 8 11 4001 0 0 0 0 19604 0 0

[13:06:56] [RECV] in 3 338 129996 23 12 6 100 100 0 0 0 -1 0 0 -1 - 2 -1 0 0 0 0 0 0 0 0

[13:06:56] [RECV] in 3 338 129997 23 13 2 100 100 0 0 0 -1 0 0 -1 - 2 -1 0 0 0 0 0 0 0 0

[13:06:57] [RECV] eff 2 129620 825

[13:06:57] [RECV] eff 1 148962 15

[13:06:57] [RECV] su 1 148962 3 129994 855 8 11 4001 0 0 0 0 19564 0 0

[13:06:58] [RECV] eff 3 129997 826

[13:06:58] [RECV] eff 1 148962 15

[13:06:59] [RECV] su 1 148962 3 129995 855 8 11 4001 0 0 0 0 19439 0 0

[13:06:59] [RECV] eff 1 148962 15

[13:07:00] [RECV] su 1 148962 3 129996 855 8 11 4001 0 0 0 0 19742 0 0

[13:07:01] [RECV] eff 1 148962 15

[13:07:01] [RECV] su 1 148962 3 129997 855 8 11 4001 0 0 0 0 19937 0 0

[13:07:01] [RECV] rsfn 7 7 0

[13:07:01] [SEND] walk 13 12 1 14
[13:07:02] [RECV] eff 2 129620 825

[13:07:02] [RECV] gp 12 1 20087 1 0 0

[13:07:02] [RECV] gp 12 23 20089 2 2 0

[13:07:02] [RECV] in 2 318 129620 11 3 0 89 100 0 0 3 148962 1 0 -1 - 2 -1 0 0 0 0 0 0 0 0

[13:07:02] [RECV] in 2 838 128192 10 2 2 100 100 0 0 3 148962 1 0 -1 Ratufu^de^la^Navy 2 -1 0 0 0 0 0 0 0 0

[13:07:02] [RECV] in 2 319 128179 11 3 2 100 100 0 0 3 148962 1 0 1102 Kliff 1 0 0 0 0 0 0 0 0 0

[13:07:03] [RECV] msg 0 Une porte s'est ouverte.

[13:07:03] [RECV] evnt 1 0 7700 7890

[13:07:03] [RECV] msg 1 Tu as réussi la mission éclair.

[13:07:03] [RECV] evnt 3 1 -1 -1

[13:07:03] [RECV] evnt 3 1 -1 -1

[13:07:03] [RECV] rsfn 7 7 0

[13:07:03] [SEND] walk 13 17 0 14
[13:07:03] [SEND] walk 12 22 1 14
[13:07:04] [SEND] preq
[13:07:05] [RECV] rsfn 7 7 0

[13:07:05] [RECV] at 148962 5203 12 1 2 0 50 2 -1

[13:07:05] [RECV] eff 3 129640 826

[13:07:05] [RECV] rsfm 22 2 0 0

[13:07:05] [RECV] evnt 1 0 7680 7890

[13:07:05] [RECV] in 2 319 128179 11 1 2 100 100 0 0 3 148962 1 0 1102 Kliff 1 0 0 0 0 0 0 0 0 0

[13:07:05] [RECV] in 2 838 128192 12 2 2 100 100 0 0 3 148962 1 0 -1 Ratufu^de^la^Navy 2 -1 0 0 0 0 0 0 0 0

[13:07:05] [RECV] in 2 318 129620 12 1 0 90 100 0 0 3 148962 1 0 -1 - 2 -1 0 0 0 0 0 0 0 0

[13:07:05] [RECV] gp 12 1 20088 1 0 0

[13:07:05] [RECV] gp 12 23 20090 1 2 0

[13:07:05] [RECV] in 3 338 129642 13 17 5 100 100 0 0 0 -1 1 0 -1 - 2 -1 0 0 0 0 0 0 0 0

[13:07:06] [RECV] in 3 338 129641 9 20 1 100 100 0 0 0 -1 1 0 -1 - 2 -1 0 0 0 0 0 0 0 0

[13:07:06] [RECV] in 3 338 129640 9 17 6 100 100 0 0 0 -1 1 0 -1 - 2 -1 0 0 0 0 0 0 0 0

[13:07:06] [RECV] in 2 318 129620 12 1 0 90 100 0 0 3 148962 1 0 -1 - 2 -1 0 0 0 0 0 0 0 0

[13:07:06] [RECV] in 2 838 128192 12 2 2 100 100 0 0 3 148962 1 0 -1 Ratufu^de^la^Navy 2 -1 0 0 0 0 0 0 0 0

[13:07:06] [RECV] in 2 319 128179 11 1 2 100 100 0 0 3 148962 1 0 1102 Kliff 1 0 0 0 0 0 0 0 0 0

[13:07:06] [RECV] in 9 1001 591831 12 11 1 0 0 0

[13:07:07] [SEND] walk 11 6 0 14
[13:07:07] [RECV] eff 2 129620 825

[13:07:08] [RECV] su 1 148962 3 129640 855 8 11 4001 0 0 0 0 11469 0 0

[13:07:08] [RECV] su 1 148962 3 129641 855 8 11 4001 0 0 0 0 11424 5 0

[13:07:09] [RECV] in 3 338 130021 13 20 3 100 100 0 0 0 -1 0 0 -1 - 2 -1 0 0 0 0 0 0 0 0

[13:07:09] [RECV] eff 3 130021 826

[13:07:09] [SEND] walk 11 7 0 14
[13:07:10] [SEND] walk 11 8 1 14
[13:07:10] [RECV] su 1 148962 3 130021 855 8 11 4001 0 0 0 0 11519 0 0

[13:07:10] [RECV] in 3 338 130022 17 12 3 100 100 0 0 0 -1 0 0 -1 - 2 -1 0 0 0 0 0 0 0 0

[13:07:11] [RECV] in 3 338 130023 18 13 2 100 100 0 0 0 -1 0 0 -1 - 2 -1 0 0 0 0 0 0 0 0

[13:07:11] [RECV] in 3 338 130024 21 12 6 100 100 0 0 0 -1 0 0 -1 - 2 -1 0 0 0 0 0 0 0 0

[13:07:11] [RECV] eff 3 129642 826

[13:07:12] [RECV] eff 2 129620 825

[13:07:12] [RECV] su 1 148962 3 130022 855 8 11 4001 0 0 0 0 11779 0 0

[13:07:12] [RECV] eff 1 148962 15

[13:07:13] [RECV] su 1 148962 3 130023 855 8 11 4001 0 0 0 0 19997 5 0

[13:07:13] [RECV] in 3 338 130025 23 12 2 100 100 0 0 0 -1 0 0 -1 - 2 -1 0 0 0 0 0 0 0 0

[13:07:14] [RECV] eff 1 148962 15

[13:07:14] [RECV] su 1 148962 3 130024 855 8 11 4001 0 0 0 0 19591 0 0

[13:07:14] [RECV] eff 1 148962 15

[13:07:14] [RECV] su 1 148962 3 130025 855 8 11 4001 0 0 0 0 20226 5 0

[13:07:14] [RECV] eff 3 129642 826

[13:07:15] [RECV] eff 1 148962 15

[13:07:15] [RECV] su 1 148962 3 129642 855 8 11 4001 0 0 0 0 20094 0 0

[13:07:17] [RECV] rsfn 7 8 0

[13:07:17] [RECV] eff 2 129620 825

[13:07:17] [RECV] gp 12 1 20088 1 0 0

[13:07:17] [RECV] gp 12 23 20090 2 2 0

[13:07:17] [RECV] in 2 318 129620 12 1 0 96 100 0 0 3 148962 1 0 -1 - 2 -1 0 0 0 0 0 0 0 0

[13:07:17] [RECV] in 2 838 128192 12 2 2 100 100 0 0 3 148962 1 0 -1 Ratufu^de^la^Navy 2 -1 0 0 0 0 0 0 0 0

[13:07:17] [RECV] in 2 319 128179 11 1 2 100 100 0 0 3 148962 1 0 1102 Kliff 1 0 0 0 0 0 0 0 0 0

[13:07:18] [RECV] in 9 1001 591831 12 11 1 0 0 0

[13:07:18] [RECV] msg 0 Une porte s'est ouverte.

[13:07:18] [RECV] evnt 1 0 7550 7890

[13:07:18] [RECV] msg 1 Tu as réussi la mission éclair.

[13:07:18] [RECV] evnt 3 1 -1 -1

[13:07:18] [RECV] evnt 3 1 -1 -1

[13:07:19] [SEND] walk 11 10 0 14
[13:07:22] [RECV] eff_g  194 9999 12 11 0

[13:07:22] [RECV] msg 0 Tu as reçu un objet : Grande potion de mana

[13:07:22] [RECV] eff 2 129620 825

[13:07:27] [RECV] eff 2 129620 825

[13:07:32] [RECV] eff 2 129620 825

[13:07:35] [SEND] walk 10 14 0 14
[13:07:35] [SEND] walk 11 17 1 14
[13:07:36] [SEND] walk 11 22 0 14
[13:07:37] [RECV] eff 2 129620 825

[13:07:37] [SEND] walk 12 23 0 14
[13:07:37] [SEND] preq
[13:07:37] [RECV] rsfn 7 8 0

[13:07:37] [RECV] at 148962 5203 12 1 2 0 50 2 -1

[13:07:38] [RECV] evnt 1 0 7350 7890

[13:07:38] [RECV] in 2 319 128179 12 2 2 100 100 0 0 3 148962 1 0 1102 Kliff 1 0 0 0 0 0 0 0 0 0

[13:07:38] [RECV] in 2 838 128192 11 1 2 100 100 0 0 3 148962 1 0 -1 Ratufu^de^la^Navy 2 -1 0 0 0 0 0 0 0 0

[13:07:38] [RECV] in 2 318 129620 11 1 0 100 100 0 0 3 148962 1 0 -1 - 2 -1 0 0 0 0 0 0 0 0

[13:07:38] [RECV] gp 12 1 20089 1 0 0

[13:07:38] [RECV] gp 12 23 4997 5 2 0

[13:07:38] [RECV] in 2 318 129620 12 10 0 100 100 0 0 3 148962 1 0 -1 - 2 -1 0 0 0 0 0 0 0 0

[13:07:38] [RECV] in 2 838 128192 11 1 2 100 100 0 0 3 148962 1 0 -1 Ratufu^de^la^Navy 2 -1 0 0 0 0 0 0 0 0

[13:07:38] [RECV] in 2 319 128179 12 2 2 100 100 0 0 3 148962 1 0 1102 Kliff 1 0 0 0 0 0 0 0 0 0

[13:07:38] [RECV] gp 12 1 20089 1 0 0

[13:07:38] [RECV] gp 12 23 4997 4 2 0

[13:07:39] [RECV] in 2 318 129620 12 10 0 100 100 0 0 3 148962 1 0 -1 - 2 -1 0 0 0 0 0 0 0 0

[13:07:39] [RECV] in 2 838 128192 11 1 2 100 100 0 0 3 148962 1 0 -1 Ratufu^de^la^Navy 2 -1 0 0 0 0 0 0 0 0

[13:07:39] [RECV] in 2 319 128179 12 2 2 100 100 0 0 3 148962 1 0 1102 Kliff 1 0 0 0 0 0 0 0 0 0

[13:07:39] [RECV] msg 0 Une porte s'est ouverte.

[13:07:39] [RECV] evnt 1 0 7340 7890

[13:07:39] [RECV] npc_req 1 148962 6118

[13:07:39] [RECV] minfo 0 1 -1.0/0 -1.0/0 1/1 -1.0/0 1 3 0

[13:07:39] [RECV] msg 0 Nouvel objectif de mission !

[13:07:42] [RECV] eff 2 129620 825

[13:07:43] [SEND] walk 12 6 0 14
[13:07:44] [SEND] walk 12 11 0 13
[13:07:44] [RECV] eff_t 2 128192 1 148962 4766

[13:07:45] [SEND] walk 12 16 1 14
[13:07:46] [SEND] walk 12 21 0 14
[13:07:47] [SEND] walk 12 22 1 14
[13:07:47] [SEND] preq
[13:07:47] [RECV] eff 2 129620 825

[13:07:47] [RECV] msg 0 Merci de patienter

[13:07:47] [RECV] minfo 0 1 -1.0/0 -1.0/0 1/1 -1.0/0 1 3 0

[13:07:47] [RECV] msg 0 Nouvel objectif de mission !

[13:07:47] [RECV] evnt 10 0 -1 -1

[13:07:47] [RECV] rsfm 22 1 8 10

[13:07:58] [RECV] evnt 10 0 -1 -1
